4 0.587372 0.394310 0.671921 0.394310 0.671921 0.431912 0.587372 0.431912
5 0.358953 0.392432 0.443501 0.392432 0.443501 0.430033 0.358953 0.430033
3 0.234246 0.388431 0.315681 0.403594 0.300528 0.439811 0.219092 0.424647
14 0.608031 0.816483 0.692579 0.816483 0.692579 0.854085 0.608031 0.854085
15 0.300052 0.812941 0.384600 0.812941 0.384600 0.850542 0.300052 0.850542
11 0.300052 0.775746 0.384600 0.775746 0.384600 0.813348 0.300052 0.813348
10 0.608031 0.775746 0.692579 0.775746 0.692579 0.813348 0.608031 0.813348
13 0.219233 0.424951 0.300728 0.439971 0.285717 0.476215 0.204222 0.461194
1 0.381190 0.394584 0.637397 0.394584 0.637397 0.508528 0.381190 0.508528
7 0.402696 0.273036 0.437752 0.324361 0.386459 0.339951 0.351404 0.288626
6 0.570119 0.322649 0.606064 0.271598 0.657082 0.287583 0.621137 0.338635
16 0.588172 0.415706 0.672720 0.415706 0.672720 0.453308 0.588172 0.453308
