4 0.588219 0.394310 0.672770 0.394310 0.672770 0.431912 0.588219 0.431912
5 0.359792 0.392432 0.444343 0.392432 0.444343 0.430033 0.359792 0.430033
3 0.235080 0.388431 0.316519 0.403594 0.301365 0.439811 0.219927 0.424647
14 0.608878 0.816483 0.693429 0.816483 0.693429 0.854085 0.608878 0.854085
15 0.300889 0.812941 0.385440 0.812941 0.385440 0.850542 0.300889 0.850542
11 0.300889 0.775746 0.385440 0.775746 0.385440 0.813348 0.300889 0.813348
10 0.608878 0.775746 0.693429 0.775746 0.693429 0.813348 0.608878 0.813348
13 0.220067 0.424951 0.301565 0.439971 0.286553 0.476215 0.205056 0.461194
1 0.382030 0.394584 0.638246 0.394584 0.638246 0.508528 0.382030 0.508528
7 0.403537 0.273036 0.438593 0.324361 0.387299 0.339951 0.352243 0.288626
6 0.570966 0.322649 0.606912 0.271598 0.657931 0.287583 0.621985 0.338635
16 0.589018 0.415706 0.673570 0.415706 0.673570 0.453308 0.589018 0.453308
