4 0.588232 0.393959 0.672786 0.393959 0.672786 0.431583 0.588232 0.431583
5 0.359797 0.392079 0.444351 0.392079 0.444351 0.429703 0.359797 0.429703
3 0.235082 0.388077 0.316523 0.403248 0.301369 0.439487 0.219928 0.424314
14 0.608892 0.816377 0.693446 0.816377 0.693446 0.854000 0.608892 0.854000
15 0.300893 0.812833 0.385446 0.812833 0.385446 0.850455 0.300893 0.850455
11 0.300893 0.775616 0.385446 0.775616 0.385446 0.813240 0.300893 0.813240
10 0.608892 0.775616 0.693446 0.775616 0.693446 0.813240 0.608892 0.813240
13 0.220068 0.424618 0.301569 0.439647 0.286556 0.475912 0.205057 0.460882
1 0.382037 0.394233 0.638261 0.394233 0.638261 0.508243 0.382037 0.508243
7 0.403544 0.272614 0.438602 0.323970 0.387306 0.339568 0.352248 0.288214
6 0.570978 0.322256 0.606926 0.271176 0.657947 0.287170 0.622000 0.338252
16 0.589032 0.415367 0.673586 0.415367 0.673586 0.452991 0.589032 0.452991
