10 0.650671 0.797092 0.734806 0.797465 0.734434 0.834892 0.650299 0.834519
11 0.299244 0.808899 0.383382 0.808899 0.383382 0.846327 0.299244 0.846327
9 0.218943 0.673750 0.266437 0.627407 0.312738 0.648535 0.265245 0.694877
4 0.604039 0.380838 0.688177 0.380838 0.688177 0.418266 0.604039 0.418266
5 0.346594 0.382896 0.430732 0.382896 0.430732 0.420324 0.346594 0.420324
1 0.388543 0.380483 0.643505 0.380483 0.643505 0.493900 0.388543 0.493900
2 0.729772 0.397169 0.813910 0.397169 0.813910 0.434596 0.729772 0.434596
12 0.728221 0.435072 0.812359 0.435072 0.812359 0.472500 0.728221 0.472500
3 0.197758 0.400376 0.279598 0.413409 0.266577 0.449815 0.184738 0.436783
15 0.305050 0.859259 0.389188 0.859259 0.389188 0.896688 0.305050 0.896688
14 0.643635 0.858411 0.727711 0.856262 0.729859 0.893661 0.645783 0.895812
13 0.183476 0.436457 0.265472 0.449043 0.252896 0.485519 0.170900 0.472932
16 0.603063 0.406361 0.687201 0.406361 0.687201 0.443789 0.603063 0.443789
8 0.762131 0.782378 0.844631 0.782378 0.844631 0.819045 0.762131 0.819045
