11 0.293833 0.806151 0.377936 0.806151 0.377936 0.843536 0.293833 0.843536
8 0.657277 0.753995 0.737526 0.770777 0.720749 0.806448 0.640499 0.789666
4 0.618729 0.381551 0.702832 0.381551 0.702832 0.418936 0.618729 0.418936
5 0.363762 0.381676 0.447865 0.381676 0.447865 0.419061 0.363762 0.419061
1 0.408240 0.379382 0.663097 0.379382 0.663097 0.492669 0.408240 0.492669
3 0.224371 0.392635 0.308356 0.395609 0.305383 0.432941 0.221398 0.429968
13 0.221940 0.432733 0.305650 0.438143 0.300240 0.475354 0.216530 0.469943
15 0.295008 0.861201 0.379111 0.861201 0.379111 0.898586 0.295008 0.898586
16 0.622731 0.405590 0.706834 0.405590 0.706834 0.442974 0.622731 0.442974
2 0.756793 0.392699 0.839293 0.392699 0.839293 0.429365 0.756793 0.429365
12 0.756793 0.428286 0.839293 0.428286 0.839293 0.464953 0.756793 0.464953
9 0.150713 0.785466 0.232921 0.790097 0.228290 0.826633 0.146083 0.822003
