4 0.608874 0.374400 0.693407 0.375130 0.692678 0.412728 0.608144 0.411998
5 0.354149 0.379580 0.438690 0.379580 0.438690 0.417181 0.354149 0.417181
1 0.384163 0.378058 0.640291 0.381683 0.636668 0.495600 0.380540 0.491975
3 0.241085 0.407320 0.325626 0.407320 0.325626 0.444921 0.241085 0.444921
13 0.240363 0.447243 0.324904 0.447243 0.324904 0.484845 0.240363 0.484845
8 0.726907 0.722300 0.808995 0.735790 0.795515 0.772299 0.713428 0.758810
10 0.606556 0.753290 0.691094 0.752845 0.691540 0.790445 0.607002 0.790890
11 0.283865 0.748578 0.368321 0.751141 0.365773 0.788704 0.281317 0.786138
15 0.289312 0.832034 0.373762 0.834671 0.371129 0.872232 0.286681 0.869593
14 0.593791 0.837507 0.678259 0.835097 0.680646 0.872662 0.596178 0.875072
16 0.608509 0.397431 0.693050 0.397431 0.693050 0.435032 0.608509 0.435032
2 0.751455 0.401595 0.833955 0.401595 0.833955 0.438262 0.751455 0.438262
12 0.754124 0.437183 0.836624 0.437183 0.836624 0.473849 0.754124 0.473849
9 0.161597 0.746791 0.244097 0.746791 0.244097 0.783458 0.161597 0.783458
