4 0.608874 0.374400 0.693407 0.375130 0.692678 0.412728 0.608144 0.411998
5 0.354149 0.379580 0.438690 0.379580 0.438690 0.417181 0.354149 0.417181
1 0.392374 0.381708 0.648501 0.385333 0.644878 0.499251 0.388750 0.495626
3 0.241085 0.407320 0.325626 0.407320 0.325626 0.444921 0.241085 0.444921
13 0.240363 0.447243 0.324904 0.447243 0.324904 0.484845 0.240363 0.484845
8 0.726907 0.722300 0.808995 0.735790 0.795515 0.772299 0.713428 0.758810
10 0.606556 0.751511 0.691094 0.751066 0.691540 0.788666 0.607002 0.789111
11 0.285857 0.747427 0.370380 0.748704 0.369119 0.786296 0.284597 0.785017
15 0.287857 0.826304 0.372399 0.826125 0.372585 0.863726 0.288045 0.863904
14 0.599347 0.830152 0.683842 0.828205 0.685766 0.865783 0.601270 0.867729
16 0.608509 0.397431 0.693050 0.397431 0.693050 0.435032 0.608509 0.435032
2 0.759462 0.399816 0.841962 0.399816 0.841962 0.436483 0.759462 0.436483
12 0.759462 0.437183 0.841962 0.437183 0.841962 0.473849 0.759462 0.473849
9 0.159661 0.738439 0.241624 0.744706 0.235356 0.781134 0.153394 0.774867
