4 0.586271 0.389460 0.670062 0.389460 0.670062 0.426717 0.586271 0.426717
5 0.326097 0.389460 0.409887 0.389460 0.409887 0.426717 0.326097 0.426717
11 0.285625 0.809775 0.369416 0.809775 0.369416 0.847032 0.285625 0.847032
10 0.625081 0.822097 0.708796 0.824480 0.706414 0.861702 0.622700 0.859319
15 0.283678 0.873411 0.367373 0.876101 0.364693 0.913314 0.280998 0.910625
14 0.623852 0.880078 0.707643 0.880078 0.707643 0.917334 0.623852 0.917334
1 0.368953 0.398746 0.622864 0.398746 0.622864 0.511644 0.368953 0.511644
9 0.178664 0.751934 0.262455 0.751934 0.262455 0.789190 0.178664 0.789190
16 0.585248 0.414884 0.669038 0.414884 0.669038 0.452139 0.585248 0.452139
2 0.740778 0.433624 0.823278 0.433624 0.823278 0.470291 0.740778 0.470291
12 0.743448 0.467432 0.825948 0.467432 0.825948 0.504098 0.743448 0.504098
3 0.173566 0.419371 0.264156 0.419371 0.264156 0.459633 0.173566 0.459633
13 0.172448 0.462765 0.259936 0.462765 0.259936 0.501648 0.172448 0.501648
8 0.742011 0.775007 0.824389 0.772011 0.827384 0.808623 0.745007 0.811619
