4 0.577956 0.396334 0.662140 0.396334 0.662140 0.433761 0.577956 0.433761
5 0.328179 0.398270 0.412362 0.398270 0.412362 0.435699 0.328179 0.435699
2 0.734405 0.412123 0.818335 0.407774 0.822686 0.445090 0.738754 0.449439
3 0.213469 0.423451 0.297653 0.423451 0.297653 0.460879 0.213469 0.460879
13 0.217841 0.460252 0.302024 0.460252 0.302024 0.497680 0.217841 0.497680
11 0.305945 0.834902 0.390095 0.833302 0.391698 0.870714 0.307549 0.872315
10 0.594655 0.832049 0.678838 0.831738 0.679147 0.869165 0.594965 0.869475
14 0.598103 0.877874 0.682288 0.877770 0.682388 0.915198 0.598204 0.915302
15 0.309452 0.874172 0.393632 0.874692 0.393118 0.912117 0.308937 0.911598
1 0.364704 0.406393 0.619806 0.406393 0.619806 0.519810 0.364704 0.519810
16 0.579087 0.420931 0.663270 0.420931 0.663270 0.458359 0.579087 0.458359
12 0.736733 0.449316 0.819121 0.446451 0.821986 0.483068 0.739598 0.485933
9 0.188287 0.803731 0.270787 0.803731 0.270787 0.840397 0.188287 0.840397
8 0.743448 0.801951 0.825948 0.801951 0.825948 0.838618 0.743448 0.838618
