4 0.610887 0.243452 0.713160 0.243452 0.713160 0.288892 0.610887 0.288892
5 0.293324 0.241101 0.395597 0.241101 0.395597 0.286540 0.293324 0.286540
2 0.818069 0.285720 0.915294 0.264569 0.936451 0.307766 0.839226 0.328916
12 0.846812 0.328610 0.945383 0.310440 0.963559 0.354235 0.864988 0.372405
3 0.101199 0.256058 0.196354 0.281040 0.171364 0.323319 0.076209 0.298336
13 0.074974 0.300025 0.168669 0.327350 0.141333 0.368979 0.047639 0.341654
8 0.721905 0.905239 0.813595 0.935434 0.783392 0.976172 0.691702 0.945978
8 0.154184 0.919657 0.250261 0.896294 0.273631 0.938981 0.177554 0.962345
10 0.612183 0.811672 0.714456 0.811672 0.714456 0.857111 0.612183 0.857111
11 0.296276 0.813718 0.398549 0.813718 0.398549 0.859158 0.296276 0.859158
1 0.349305 0.255661 0.659221 0.255945 0.658938 0.393643 0.349020 0.393359
7 0.402692 0.095444 0.496646 0.122371 0.469711 0.164116 0.375756 0.137189
6 0.578869 0.179216 0.592965 0.111706 0.660496 0.117969 0.646400 0.185479
16 0.611417 0.287632 0.713690 0.287632 0.713690 0.333073 0.611417 0.333073
