4 0.540427 0.377042 0.624066 0.377042 0.624066 0.414234 0.540427 0.414234
5 0.306693 0.371269 0.390333 0.371269 0.390333 0.408460 0.306693 0.408460
2 0.678937 0.398214 0.762576 0.398214 0.762576 0.435407 0.678937 0.435407
12 0.676051 0.440558 0.759691 0.440558 0.759691 0.477751 0.676051 0.477751
3 0.139329 0.400139 0.222968 0.400139 0.222968 0.437331 0.139329 0.437331
13 0.136442 0.440558 0.220082 0.440558 0.220082 0.477751 0.136442 0.477751
11 0.273108 0.810161 0.356712 0.811789 0.355084 0.848965 0.271481 0.847337
15 0.271721 0.853913 0.355360 0.853913 0.355360 0.891105 0.271721 0.891105
1 0.332339 0.377047 0.585791 0.377047 0.585791 0.489751 0.332339 0.489751
6 0.541709 0.233239 0.581525 0.267022 0.547760 0.284727 0.507944 0.250944
8 0.643460 0.773216 0.726052 0.782018 0.717255 0.818744 0.634663 0.809942
16 0.542981 0.401416 0.626620 0.401416 0.626620 0.438609 0.542981 0.438609
