4 0.611288 0.244220 0.713456 0.244220 0.713456 0.289615 0.611288 0.289615
5 0.294054 0.241871 0.396221 0.241871 0.396221 0.287265 0.294054 0.287265
2 0.818257 0.286445 0.915381 0.265316 0.936517 0.308469 0.839392 0.329598
12 0.843546 0.329292 0.942015 0.311140 0.960173 0.354891 0.861703 0.373043
3 0.102127 0.256813 0.197183 0.281771 0.172220 0.324006 0.077162 0.299048
13 0.077956 0.299906 0.169896 0.329600 0.140192 0.370450 0.048252 0.340756
8 0.716257 0.903357 0.807852 0.933521 0.777680 0.974218 0.686085 0.944054
8 0.155057 0.919738 0.251034 0.896399 0.274381 0.939043 0.178403 0.962383
10 0.600714 0.819774 0.702881 0.819774 0.702881 0.865167 0.600714 0.865167
11 0.279652 0.815276 0.381820 0.815276 0.381820 0.860671 0.279652 0.860671
1 0.346672 0.254215 0.656268 0.254498 0.655984 0.392056 0.346387 0.391773
7 0.403308 0.096362 0.497166 0.123262 0.470258 0.164965 0.376400 0.138065
6 0.579303 0.180049 0.593385 0.112608 0.660846 0.118865 0.646764 0.186306
16 0.611818 0.290123 0.713986 0.290123 0.713986 0.335517 0.611818 0.335517
