4 0.543436 0.375595 0.627074 0.375595 0.627074 0.412787 0.543436 0.412787
5 0.309964 0.377750 0.393602 0.377750 0.393602 0.414941 0.309964 0.414941
2 0.665252 0.399663 0.748890 0.399663 0.748890 0.436855 0.665252 0.436855
12 0.667761 0.441195 0.751377 0.439930 0.752643 0.477114 0.669027 0.478379
3 0.140173 0.400139 0.223811 0.400139 0.223811 0.437331 0.140173 0.437331
13 0.144085 0.435617 0.227616 0.438429 0.224803 0.475574 0.141272 0.472763
11 0.261816 0.807106 0.345418 0.808733 0.343791 0.845910 0.260189 0.844282
15 0.263401 0.855478 0.347039 0.855478 0.347039 0.892669 0.263401 0.892669
1 0.346709 0.380657 0.600158 0.380657 0.600158 0.493361 0.346709 0.493361
6 0.540427 0.231843 0.585110 0.266253 0.550718 0.286123 0.506035 0.251713
8 0.647323 0.771187 0.729860 0.780223 0.720835 0.816923 0.638300 0.807888
9 0.134402 0.806254 0.218040 0.806254 0.218040 0.843447 0.134402 0.843447
16 0.543819 0.401416 0.627457 0.401416 0.627457 0.438609 0.543819 0.438609
11 0.551277 0.805510 0.633777 0.805510 0.633777 0.842177 0.551277 0.842177
