4 0.634634 0.423703 0.717649 0.428152 0.713202 0.465055 0.630187 0.460606
5 0.379427 0.418204 0.462710 0.418204 0.462710 0.455227 0.379427 0.455227
9 0.315678 0.705666 0.349211 0.654833 0.400033 0.669739 0.366501 0.720572
8 0.734273 0.645549 0.767503 0.696470 0.716593 0.711243 0.683363 0.660322
4 0.758612 0.454162 0.837988 0.437355 0.854792 0.472641 0.775417 0.489448
12 0.776299 0.490157 0.856094 0.474253 0.871993 0.509725 0.792199 0.525628
3 0.188289 0.388147 0.265625 0.408752 0.245023 0.443132 0.167686 0.422527
13 0.162153 0.428605 0.239846 0.448607 0.219848 0.483144 0.142155 0.463143
15 0.265424 0.913972 0.347858 0.921875 0.339957 0.958520 0.257523 0.950617
14 0.623895 0.928192 0.707177 0.928192 0.707177 0.965215 0.623895 0.965215
10 0.625108 0.888907 0.708391 0.888907 0.708391 0.925929 0.625108 0.925929
11 0.274510 0.874750 0.356976 0.882511 0.349217 0.919170 0.266751 0.911409
1 0.412210 0.421661 0.664452 0.427041 0.659073 0.539172 0.406832 0.533792
16 0.633120 0.460393 0.715932 0.466289 0.710037 0.503103 0.627225 0.497207
6 0.661835 0.258809 0.703960 0.306099 0.656670 0.324821 0.614545 0.277531
