7 0.445298 0.255828 0.489759 0.302785 0.442811 0.322549 0.398351 0.275591
4 0.634634 0.423703 0.717649 0.428152 0.713202 0.465055 0.630187 0.460606
5 0.379427 0.418204 0.462710 0.418204 0.462710 0.455227 0.379427 0.455227
9 0.315678 0.705666 0.349211 0.654833 0.400033 0.669739 0.366501 0.720572
8 0.731604 0.649108 0.764834 0.700029 0.713924 0.714802 0.680694 0.663881
4 0.766619 0.452383 0.845995 0.435576 0.862799 0.470862 0.783424 0.487669
12 0.785838 0.493101 0.863130 0.472421 0.883807 0.506781 0.806515 0.527460
3 0.180001 0.389609 0.259397 0.406375 0.242635 0.441670 0.163238 0.424904
13 0.159484 0.428605 0.237177 0.448607 0.217179 0.483144 0.139486 0.463143
15 0.252079 0.913972 0.334513 0.921875 0.326612 0.958520 0.244178 0.950617
14 0.623895 0.928192 0.707177 0.928192 0.707177 0.965215 0.623895 0.965215
10 0.625108 0.888907 0.708391 0.888907 0.708391 0.925929 0.625108 0.925929
11 0.261165 0.874750 0.343631 0.882511 0.335872 0.919170 0.253406 0.911409
1 0.417599 0.421661 0.669841 0.427041 0.664462 0.539172 0.412220 0.533792
16 0.633120 0.460393 0.715932 0.466289 0.710037 0.503103 0.627225 0.497207
