4 0.567067 0.391237 0.651632 0.391237 0.651632 0.428861 0.567067 0.428861
5 0.336580 0.395131 0.421145 0.395131 0.421145 0.432755 0.336580 0.432755
3 0.199455 0.369819 0.284020 0.369819 0.284020 0.407443 0.199455 0.407443
13 0.196538 0.402919 0.281103 0.402919 0.281103 0.440543 0.196538 0.440543
15 0.271620 0.866325 0.355965 0.870398 0.351897 0.907923 0.267552 0.903851
14 0.552720 0.869884 0.637285 0.869884 0.637285 0.907507 0.552720 0.907507
10 0.553846 0.824566 0.638411 0.824566 0.638411 0.862188 0.553846 0.862188
11 0.276249 0.820842 0.360589 0.824960 0.356476 0.862483 0.272136 0.858365
6 0.582209 0.309777 0.602281 0.263852 0.648159 0.272781 0.628088 0.318707
1 0.364699 0.400614 0.620958 0.400614 0.620958 0.514625 0.364699 0.514625
16 0.568899 0.428162 0.653465 0.428162 0.653465 0.465785 0.568899 0.465785
