4 0.570102 0.385039 0.654723 0.385039 0.654723 0.422684 0.570102 0.422684
5 0.339464 0.385039 0.424085 0.385039 0.424085 0.422684 0.339464 0.422684
2 0.718789 0.355506 0.802778 0.348615 0.809661 0.385979 0.725673 0.392870
12 0.720276 0.396542 0.803381 0.385901 0.814012 0.422871 0.730907 0.433513
3 0.197799 0.368133 0.282325 0.370818 0.279642 0.408421 0.195116 0.405735
13 0.196411 0.408418 0.281031 0.408418 0.281031 0.446063 0.196411 0.446063
15 0.285251 0.845676 0.369861 0.844763 0.370783 0.882403 0.286173 0.883316
14 0.591914 0.842784 0.676535 0.842784 0.676535 0.880430 0.591914 0.880430
10 0.591664 0.814205 0.676284 0.814205 0.676284 0.851850 0.591664 0.851850
11 0.282690 0.812120 0.367213 0.814833 0.364505 0.852435 0.279982 0.849721
1 0.365046 0.389676 0.621473 0.389676 0.621473 0.503753 0.365046 0.503753
6 0.543875 0.288859 0.578222 0.238634 0.628400 0.253914 0.594053 0.304139
16 0.574132 0.416106 0.658753 0.416106 0.658753 0.453752 0.574132 0.453752
