4 0.567067 0.391237 0.651632 0.391237 0.651632 0.428861 0.567067 0.428861
5 0.336580 0.395131 0.421145 0.395131 0.421145 0.432755 0.336580 0.432755
2 0.731929 0.378119 0.815863 0.371232 0.822742 0.408575 0.738809 0.415462
3 0.211231 0.368247 0.295797 0.368247 0.295797 0.405871 0.211231 0.405871
13 0.205959 0.406063 0.290524 0.406063 0.290524 0.443686 0.205959 0.443686
15 0.276331 0.864754 0.360676 0.868826 0.356608 0.906351 0.272263 0.902279
14 0.562142 0.866740 0.646707 0.866740 0.646707 0.904364 0.562142 0.904364
10 0.560911 0.826138 0.645476 0.826138 0.645476 0.863760 0.560911 0.863760
11 0.280960 0.820842 0.365300 0.824960 0.361187 0.862483 0.276847 0.858365
1 0.364699 0.400614 0.620958 0.400614 0.620958 0.514625 0.364699 0.514625
6 0.580735 0.304322 0.604501 0.250162 0.658606 0.260735 0.634841 0.314896
16 0.566705 0.422304 0.651270 0.422304 0.651270 0.459926 0.566705 0.459926
