4 0.567067 0.391237 0.651632 0.391237 0.651632 0.428861 0.567067 0.428861
5 0.336580 0.395131 0.421145 0.395131 0.421145 0.432755 0.336580 0.432755
3 0.199455 0.369819 0.284020 0.369819 0.284020 0.407443 0.199455 0.407443
13 0.201876 0.402919 0.286441 0.402919 0.286441 0.440543 0.201876 0.440543
15 0.271742 0.854482 0.356299 0.853678 0.357113 0.891297 0.272556 0.892101
14 0.552720 0.869884 0.637285 0.869884 0.637285 0.907507 0.552720 0.907507
10 0.553846 0.824566 0.638411 0.824566 0.638411 0.862188 0.553846 0.862188
11 0.272589 0.824428 0.357027 0.821331 0.360136 0.858897 0.275698 0.861994
6 0.579235 0.307124 0.607101 0.263044 0.651133 0.275434 0.623268 0.319515
1 0.364699 0.400614 0.620958 0.400614 0.620958 0.514625 0.364699 0.514625
16 0.568899 0.428162 0.653465 0.428162 0.653465 0.465785 0.568899 0.465785
2 0.733599 0.398316 0.814565 0.387763 0.825120 0.423748 0.744154 0.434302
12 0.739064 0.431923 0.820134 0.421726 0.830331 0.457757 0.749261 0.467954
