4 0.582593 0.368009 0.666662 0.368009 0.666662 0.405393 0.582593 0.405393
5 0.344756 0.364140 0.428825 0.364140 0.428825 0.401524 0.344756 0.401524
10 0.599407 0.817629 0.683476 0.817629 0.683476 0.855013 0.599407 0.855013
2 0.728390 0.389291 0.812460 0.389291 0.812460 0.426675 0.728390 0.426675
12 0.728390 0.425791 0.812460 0.425791 0.812460 0.463176 0.728390 0.463176
3 0.201470 0.387615 0.285540 0.387615 0.285540 0.424999 0.201470 0.424999
13 0.198959 0.429919 0.283028 0.429919 0.283028 0.467303 0.198959 0.467303
6 0.572866 0.321134 0.608098 0.270218 0.658985 0.285885 0.623754 0.336801
6 0.386791 0.267877 0.433424 0.314535 0.386791 0.335272 0.340157 0.288614
1 0.386129 0.387731 0.640885 0.387731 0.640885 0.501018 0.386129 0.501018
14 0.302937 0.858683 0.386979 0.860113 0.385551 0.897486 0.301509 0.896056
11 0.302822 0.819804 0.386892 0.819804 0.386892 0.857189 0.302822 0.857189
14 0.596713 0.859919 0.680783 0.859919 0.680783 0.897303 0.596713 0.897303
16 0.584440 0.396858 0.668510 0.396858 0.668510 0.434242 0.584440 0.434242
