4 0.582603 0.368009 0.666674 0.368009 0.666674 0.405393 0.582603 0.405393
5 0.344760 0.364140 0.428832 0.364140 0.428832 0.401524 0.344760 0.401524
10 0.599417 0.817629 0.683488 0.817629 0.683488 0.855013 0.599417 0.855013
3 0.201471 0.387615 0.285542 0.387615 0.285542 0.424999 0.201471 0.424999
13 0.198959 0.429919 0.283030 0.429919 0.283030 0.467303 0.198959 0.467303
6 0.572876 0.321134 0.608109 0.270218 0.658997 0.285885 0.623765 0.336801
6 0.386796 0.267877 0.433430 0.314535 0.386796 0.335272 0.340161 0.288614
1 0.386134 0.387731 0.640896 0.387731 0.640896 0.501018 0.386134 0.501018
14 0.302940 0.858683 0.386984 0.860113 0.385556 0.897486 0.301512 0.896056
11 0.302825 0.819804 0.386897 0.819804 0.386897 0.857189 0.302825 0.857189
14 0.596724 0.859919 0.680795 0.859919 0.680795 0.897303 0.596724 0.897303
16 0.584450 0.396858 0.668522 0.396858 0.668522 0.434242 0.584450 0.434242
