4 0.581057 0.378398 0.665005 0.378398 0.665005 0.415740 0.581057 0.415740
2 0.707882 0.357233 0.785647 0.336142 0.806728 0.370736 0.728963 0.391827
3 0.200232 0.347518 0.282079 0.359969 0.269640 0.396376 0.187793 0.383926
10 0.600187 0.835455 0.683995 0.832245 0.687208 0.869524 0.603400 0.872734
11 0.307764 0.833641 0.391712 0.833641 0.391712 0.870982 0.307764 0.870982
14 0.602639 0.871493 0.686579 0.872212 0.685858 0.909551 0.601918 0.908832
15 0.308096 0.870650 0.392015 0.869200 0.393469 0.906530 0.309550 0.907979
1 0.372429 0.398621 0.626815 0.398621 0.626815 0.511778 0.372429 0.511778
5 0.326189 0.376466 0.410136 0.376466 0.410136 0.413807 0.326189 0.413807
6 0.560936 0.323789 0.585213 0.270169 0.638787 0.280968 0.614510 0.334587
16 0.581467 0.409181 0.665415 0.409181 0.665415 0.446523 0.581467 0.446523
12 0.726084 0.388369 0.804129 0.370539 0.821959 0.405226 0.743914 0.423055
13 0.194050 0.384480 0.273791 0.398584 0.259687 0.434025 0.179946 0.419921
