4 0.637612 0.397923 0.721835 0.397923 0.721835 0.435373 0.637612 0.435373
5 0.376097 0.397923 0.460319 0.397923 0.460319 0.435373 0.376097 0.435373
2 0.789184 0.417304 0.873407 0.417304 0.873407 0.454753 0.789184 0.454753
12 0.789421 0.458003 0.873643 0.458003 0.873643 0.495452 0.789421 0.495452
3 0.218183 0.386853 0.296318 0.407827 0.275358 0.442567 0.197223 0.421593
13 0.196268 0.419113 0.273183 0.441999 0.250309 0.476200 0.173393 0.453314
14 0.678209 0.846497 0.762401 0.848117 0.760764 0.885550 0.676572 0.883930
15 0.363760 0.857415 0.447977 0.858083 0.447310 0.895529 0.363093 0.894861
1 0.424624 0.399633 0.679844 0.399633 0.679844 0.513116 0.424624 0.513116
10 0.675723 0.820710 0.759278 0.820152 0.759820 0.857301 0.676265 0.857858
11 0.363125 0.821955 0.447321 0.823406 0.445883 0.860842 0.361687 0.859391
16 0.635196 0.424971 0.719418 0.424971 0.719418 0.462419 0.635196 0.462419
