4 0.615776 0.282141 0.708646 0.282141 0.708646 0.323405 0.615776 0.323405
5 0.269733 0.280005 0.362604 0.280005 0.362604 0.321270 0.269733 0.321270
2 0.820609 0.269913 0.910027 0.253192 0.926752 0.292923 0.837334 0.309644
12 0.839796 0.310564 0.929159 0.293714 0.946014 0.333421 0.856650 0.350271
3 0.062332 0.248701 0.151517 0.265965 0.134249 0.305592 0.045064 0.288329
13 0.046154 0.285094 0.135435 0.302137 0.118387 0.341807 0.029106 0.324765
8 0.842211 0.622047 0.976710 0.622047 0.976710 0.681807 0.842211 0.681807
9 0.031874 0.609841 0.150821 0.609841 0.150821 0.662691 0.031874 0.662691
10 0.686265 0.760493 0.779135 0.760493 0.779135 0.801758 0.686265 0.801758
11 0.228080 0.762629 0.320950 0.762629 0.320950 0.803893 0.228080 0.803893
1 0.348876 0.291761 0.630302 0.291761 0.630302 0.416807 0.348876 0.416807
16 0.614698 0.316308 0.707569 0.316308 0.707569 0.357574 0.614698 0.357574
