4 0.640152 0.307999 0.727377 0.307999 0.727377 0.346750 0.640152 0.346750
5 0.254960 0.310004 0.342185 0.310004 0.342185 0.348756 0.254960 0.348756
2 0.806810 0.283168 0.906770 0.262093 0.927851 0.306503 0.827891 0.327576
12 0.831289 0.322034 0.935790 0.302332 0.955499 0.348759 0.850997 0.368461
3 0.085546 0.264422 0.178812 0.280707 0.162521 0.322142 0.069255 0.305859
13 0.071967 0.297956 0.170919 0.316843 0.152025 0.360805 0.053073 0.341918
8 0.850587 0.605225 0.962998 0.605225 0.962998 0.655166 0.850587 0.655166
9 0.024019 0.607436 0.138426 0.607436 0.138426 0.658263 0.024019 0.658263
10 0.720382 0.738263 0.807607 0.738263 0.807607 0.777015 0.720382 0.777015
11 0.204142 0.741399 0.291367 0.741399 0.291367 0.780150 0.204142 0.780150
1 0.353824 0.332495 0.618141 0.332495 0.618141 0.449925 0.353824 0.449925
16 0.640738 0.346652 0.727962 0.346652 0.727962 0.385404 0.640738 0.385404
