4 0.572863 0.400415 0.657289 0.400415 0.657289 0.437952 0.572863 0.437952
5 0.357320 0.396530 0.441746 0.396530 0.441746 0.434067 0.357320 0.434067
2 0.729191 0.417899 0.813617 0.417899 0.813617 0.455435 0.729191 0.455435
12 0.734039 0.460310 0.818465 0.460310 0.818465 0.497845 0.734039 0.497845
14 0.621014 0.859026 0.708075 0.856437 0.710664 0.895147 0.623602 0.897736
15 0.284626 0.844031 0.360913 0.868152 0.336802 0.902070 0.260514 0.877949
1 0.382118 0.408078 0.637954 0.408078 0.637954 0.521824 0.382118 0.521824
10 0.621119 0.825745 0.705411 0.822571 0.708582 0.860048 0.624290 0.863221
11 0.307233 0.810058 0.385966 0.830384 0.365648 0.865389 0.286916 0.845064
8 0.722442 0.693955 0.805143 0.682632 0.816463 0.719401 0.733761 0.730725
9 0.187030 0.645641 0.271335 0.648646 0.268331 0.686130 0.184025 0.683123
16 0.573971 0.429485 0.658397 0.429485 0.658397 0.467021 0.573971 0.467021
3 0.172273 0.417610 0.254773 0.417610 0.254773 0.454276 0.172273 0.454276
13 0.172273 0.454976 0.254773 0.454976 0.254773 0.491643 0.172273 0.491643
