4 0.602935 0.402012 0.687381 0.402012 0.687381 0.439570 0.602935 0.439570
5 0.302850 0.399740 0.387296 0.399740 0.387296 0.437298 0.302850 0.437298
9 0.203793 0.835447 0.288239 0.835447 0.288239 0.873005 0.203793 0.873005
8 0.725358 0.805558 0.809394 0.811096 0.803861 0.848471 0.719824 0.842934
11 0.320925 0.826873 0.405371 0.826873 0.405371 0.864431 0.320925 0.864431
10 0.593033 0.829359 0.677479 0.829359 0.677479 0.866916 0.593033 0.866916
1 0.360064 0.423836 0.615962 0.423836 0.615962 0.537647 0.360064 0.537647
14 0.591523 0.860766 0.675970 0.860766 0.675970 0.898324 0.591523 0.898324
15 0.321053 0.859128 0.405499 0.859128 0.405499 0.896686 0.321053 0.896686
16 0.601981 0.435002 0.686427 0.435002 0.686427 0.472560 0.601981 0.472560
2 0.743422 0.443775 0.825452 0.437916 0.831311 0.474374 0.749281 0.480233
12 0.749121 0.482469 0.831278 0.477458 0.836288 0.513973 0.754131 0.518983
3 0.156259 0.447859 0.238759 0.447859 0.238759 0.484526 0.156259 0.484526
13 0.160130 0.484573 0.245564 0.484573 0.245564 0.522544 0.160130 0.522544
