4 0.604237 0.402012 0.688650 0.402012 0.688650 0.439570 0.604237 0.439570
5 0.327566 0.402012 0.411979 0.402012 0.411979 0.439571 0.327566 0.439571
2 0.709759 0.412189 0.793259 0.403905 0.801522 0.441055 0.718022 0.449339
12 0.717046 0.448151 0.800408 0.439275 0.809263 0.476363 0.725898 0.485241
9 0.233183 0.814765 0.312663 0.795798 0.331623 0.831162 0.252144 0.850129
11 0.360831 0.827408 0.445244 0.827408 0.445244 0.864966 0.360831 0.864966
1 0.390587 0.431671 0.646386 0.431671 0.646386 0.545483 0.390587 0.545483
10 0.631403 0.821596 0.715816 0.821596 0.715816 0.859154 0.631403 0.859154
14 0.635496 0.856115 0.719895 0.855079 0.720941 0.892631 0.636540 0.893666
15 0.358640 0.860771 0.443054 0.860771 0.443054 0.898330 0.358640 0.898330
16 0.605238 0.432589 0.689652 0.432589 0.689652 0.470147 0.605238 0.470147
3 0.153590 0.426507 0.236090 0.426507 0.236090 0.463173 0.153590 0.463173
13 0.153590 0.463873 0.236090 0.463873 0.236090 0.500540 0.153590 0.500540
8 0.743448 0.789496 0.825948 0.789496 0.825948 0.826163 0.743448 0.826163
