4 0.586605 0.377755 0.670108 0.377755 0.670108 0.414905 0.586605 0.414905
5 0.310035 0.381600 0.393539 0.381600 0.393539 0.418750 0.310035 0.418750
2 0.760212 0.395058 0.843716 0.395058 0.843716 0.432208 0.760212 0.432208
12 0.760462 0.433174 0.843966 0.433174 0.843966 0.470323 0.760462 0.470323
3 0.202439 0.408348 0.285943 0.408348 0.285943 0.445498 0.202439 0.445498
13 0.200059 0.443121 0.283562 0.443121 0.283562 0.480270 0.200059 0.480270
9 0.160228 0.814166 0.243732 0.814166 0.243732 0.851316 0.160228 0.851316
8 0.715029 0.726267 0.782190 0.759379 0.749111 0.789259 0.681949 0.756146
15 0.270246 0.827091 0.353734 0.828164 0.352663 0.865306 0.269175 0.864234
11 0.269703 0.766104 0.353206 0.766104 0.353206 0.803253 0.269703 0.803253
1 0.363192 0.387980 0.616234 0.387980 0.616234 0.500554 0.363192 0.500554
16 0.585559 0.412224 0.669063 0.412224 0.669063 0.449374 0.585559 0.449374
