4 0.574626 0.371527 0.659542 0.371527 0.659542 0.409282 0.574626 0.409282
5 0.327688 0.371527 0.412605 0.371527 0.412605 0.409282 0.327688 0.409282
2 0.713206 0.403124 0.798123 0.403124 0.798123 0.440879 0.713206 0.440879
12 0.714211 0.446722 0.799128 0.446722 0.799128 0.484476 0.714211 0.484476
11 0.296586 0.771400 0.381500 0.770914 0.381985 0.808668 0.297072 0.809153
10 0.628663 0.775063 0.713580 0.775063 0.713580 0.812818 0.628663 0.812818
14 0.632698 0.837934 0.717615 0.837934 0.717615 0.875689 0.632698 0.875689
1 0.371757 0.393972 0.629080 0.393972 0.629080 0.508380 0.371757 0.508380
15 0.292620 0.841990 0.377537 0.841990 0.377537 0.879744 0.292620 0.879744
16 0.570402 0.405281 0.655319 0.405281 0.655319 0.443035 0.570402 0.443035
3 0.174942 0.422948 0.257442 0.422948 0.257442 0.459614 0.174942 0.459614
13 0.169604 0.460314 0.252104 0.460314 0.252104 0.496981 0.169604 0.496981
9 0.191305 0.781385 0.273466 0.776405 0.278446 0.812921 0.196285 0.817901
8 0.746117 0.785937 0.828617 0.785937 0.828617 0.822604 0.746117 0.822604
