4 0.567129 0.372986 0.651849 0.372986 0.651849 0.410654 0.567129 0.410654
5 0.342064 0.372986 0.426785 0.372986 0.426785 0.410654 0.342064 0.410654
2 0.727888 0.390529 0.812609 0.390529 0.812609 0.428197 0.727888 0.428197
12 0.730813 0.429517 0.815534 0.429517 0.815534 0.467183 0.730813 0.467183
3 0.192335 0.382595 0.276813 0.386877 0.272530 0.424437 0.188054 0.420153
13 0.186608 0.423429 0.271060 0.427925 0.266566 0.465473 0.182113 0.460977
9 0.187723 0.791136 0.270266 0.778408 0.282990 0.815106 0.200446 0.827834
11 0.311247 0.786915 0.395880 0.789496 0.393298 0.827125 0.308667 0.824542
10 0.619535 0.787434 0.704256 0.787434 0.704256 0.825101 0.619535 0.825101
14 0.625587 0.858360 0.710308 0.858360 0.710308 0.896027 0.625587 0.896027
15 0.289299 0.853899 0.373662 0.859083 0.368479 0.896591 0.284116 0.891407
1 0.372613 0.377262 0.629342 0.377262 0.629342 0.491404 0.372613 0.491404
16 0.568241 0.405504 0.652961 0.405504 0.652961 0.443170 0.568241 0.443170
