4 0.567975 0.372986 0.652699 0.372986 0.652699 0.410654 0.567975 0.410654
5 0.342903 0.372986 0.427627 0.372986 0.427627 0.410654 0.342903 0.410654
2 0.728741 0.390529 0.813465 0.390529 0.813465 0.428197 0.728741 0.428197
12 0.731666 0.429517 0.816390 0.429517 0.816390 0.467183 0.731666 0.467183
3 0.193169 0.382595 0.277649 0.386877 0.273367 0.424437 0.188888 0.420153
13 0.187442 0.423429 0.271896 0.427925 0.267402 0.465473 0.182947 0.460977
9 0.188557 0.791136 0.271103 0.778408 0.283826 0.815106 0.201280 0.827834
11 0.312085 0.786915 0.396721 0.789496 0.394139 0.827125 0.309504 0.824542
10 0.620384 0.787434 0.705108 0.787434 0.705108 0.825101 0.620384 0.825101
14 0.626436 0.858360 0.711160 0.858360 0.711160 0.896027 0.626436 0.896027
15 0.290136 0.853899 0.374502 0.859083 0.369319 0.896591 0.284953 0.891407
1 0.378935 0.377262 0.635673 0.377262 0.635673 0.491404 0.378935 0.491404
16 0.566889 0.404037 0.651613 0.404037 0.651613 0.441704 0.566889 0.441704
