4 0.567975 0.372986 0.652699 0.372986 0.652699 0.410654 0.567975 0.410654
5 0.342903 0.372986 0.427627 0.372986 0.427627 0.410654 0.342903 0.410654
2 0.731665 0.406124 0.816388 0.406124 0.816388 0.443792 0.731665 0.443792
12 0.730246 0.446392 0.814969 0.446392 0.814969 0.484058 0.730246 0.484058
9 0.182711 0.793086 0.265256 0.780358 0.277980 0.817056 0.195433 0.829784
11 0.306570 0.789699 0.391291 0.789214 0.391775 0.826880 0.307055 0.827364
10 0.627198 0.795134 0.711922 0.795134 0.711922 0.832801 0.627198 0.832801
14 0.620590 0.852513 0.705314 0.852513 0.705314 0.890180 0.620590 0.890180
1 0.370894 0.377627 0.627632 0.377627 0.627632 0.491769 0.370894 0.491769
15 0.299902 0.860109 0.384625 0.860109 0.384625 0.897776 0.299902 0.897776
16 0.566889 0.406970 0.651613 0.406970 0.651613 0.444637 0.566889 0.444637
3 0.185618 0.410492 0.268118 0.410492 0.268118 0.447159 0.185618 0.447159
13 0.180280 0.446079 0.262780 0.446079 0.262780 0.482746 0.180280 0.482746
8 0.754984 0.793499 0.836909 0.799983 0.830425 0.836394 0.748501 0.829911
