4 0.539885 0.375682 0.624282 0.375682 0.624282 0.413219 0.539885 0.413219
5 0.295479 0.377244 0.379877 0.377244 0.379877 0.414779 0.295479 0.414779
2 0.726918 0.359258 0.808903 0.345893 0.822260 0.382356 0.740274 0.395722
12 0.738836 0.398911 0.820365 0.384356 0.834910 0.420616 0.753381 0.435171
3 0.157360 0.380990 0.241758 0.380990 0.241758 0.418527 0.157360 0.418527
13 0.162960 0.419691 0.247358 0.419691 0.247358 0.457227 0.162960 0.457227
1 0.331498 0.380080 0.587249 0.380080 0.587249 0.493826 0.331498 0.493826
10 0.603164 0.858114 0.687562 0.858114 0.687562 0.895650 0.603164 0.895650
11 0.274269 0.859870 0.358667 0.859870 0.358667 0.897406 0.274269 0.897406
14 0.604862 0.908401 0.688783 0.902426 0.694755 0.939749 0.610834 0.945726
15 0.274440 0.910136 0.358838 0.910136 0.358838 0.947673 0.274440 0.947673
16 0.539447 0.407567 0.623844 0.407567 0.623844 0.445102 0.539447 0.445102
