4 0.607748 0.374540 0.692644 0.374540 0.692644 0.412273 0.607748 0.412273
5 0.369723 0.372934 0.454619 0.372934 0.454619 0.410666 0.369723 0.410666
2 0.739226 0.370020 0.821051 0.354935 0.836136 0.391302 0.754312 0.406387
3 0.203747 0.360204 0.286777 0.372002 0.274978 0.408906 0.191948 0.397108
13 0.198134 0.394100 0.281295 0.405479 0.269915 0.442442 0.186754 0.431061
11 0.293426 0.825186 0.376857 0.825186 0.376857 0.862267 0.293426 0.862267
15 0.289782 0.856202 0.374678 0.856202 0.374678 0.893934 0.289782 0.893934
14 0.636923 0.854384 0.721751 0.852111 0.724022 0.889813 0.639194 0.892086
1 0.396274 0.397182 0.653534 0.397182 0.653534 0.511523 0.396274 0.511523
16 0.607981 0.401983 0.692877 0.401983 0.692877 0.439715 0.607981 0.439715
12 0.750998 0.407723 0.830573 0.393209 0.845088 0.428576 0.765512 0.443090
10 0.634017 0.821524 0.716517 0.821524 0.716517 0.858191 0.634017 0.858191
