4 0.610417 0.381657 0.695313 0.381657 0.695313 0.419390 0.610417 0.419390
5 0.364385 0.383610 0.449281 0.383610 0.449281 0.421342 0.364385 0.421342
2 0.739226 0.371638 0.821051 0.356553 0.836136 0.392920 0.754312 0.408005
3 0.198409 0.356645 0.281439 0.368443 0.269640 0.405347 0.186610 0.393549
13 0.199216 0.395186 0.281839 0.408191 0.268833 0.444915 0.186210 0.431908
11 0.282018 0.833275 0.365449 0.833275 0.365449 0.870357 0.282018 0.870357
15 0.283713 0.871893 0.368609 0.871893 0.368609 0.909625 0.283713 0.909625
10 0.620387 0.827126 0.703676 0.816167 0.714634 0.853186 0.631345 0.864144
14 0.631317 0.871839 0.715082 0.862631 0.724290 0.899860 0.640525 0.909069
1 0.396274 0.388751 0.653534 0.388751 0.653534 0.503092 0.396274 0.503092
16 0.607981 0.410342 0.692877 0.410342 0.692877 0.448075 0.607981 0.448075
