4 0.539876 0.379047 0.624276 0.379047 0.624276 0.416584 0.539876 0.416584
5 0.277809 0.390703 0.362209 0.390703 0.362209 0.428239 0.277809 0.428239
2 0.726586 0.361014 0.808574 0.347649 0.821931 0.384112 0.739943 0.397477
12 0.743691 0.406389 0.825223 0.391834 0.839768 0.428093 0.758237 0.442649
3 0.157341 0.380990 0.241741 0.380990 0.241741 0.418527 0.157341 0.418527
13 0.156427 0.423393 0.240827 0.423393 0.240827 0.460929 0.156427 0.460929
1 0.337361 0.393264 0.593119 0.393264 0.593119 0.507009 0.337361 0.507009
10 0.604302 0.854399 0.687904 0.846674 0.695624 0.883855 0.612022 0.891580
11 0.268991 0.853578 0.353391 0.853578 0.353391 0.891114 0.268991 0.891114
14 0.619658 0.900574 0.703581 0.894598 0.709554 0.931922 0.625631 0.937898
15 0.264664 0.895870 0.349064 0.895870 0.349064 0.933406 0.264664 0.933406
16 0.539438 0.406105 0.623838 0.406105 0.623838 0.443642 0.539438 0.443642
