4 0.579106 0.351102 0.663609 0.351102 0.663609 0.388682 0.579106 0.388682
5 0.305057 0.354991 0.389560 0.354991 0.389560 0.392571 0.305057 0.392571
2 0.742069 0.353657 0.817686 0.328495 0.842833 0.362122 0.767216 0.387284
12 0.763103 0.386795 0.841360 0.365527 0.862616 0.400330 0.784358 0.421597
3 0.152516 0.380267 0.234868 0.392905 0.222236 0.429528 0.139885 0.416890
13 0.139595 0.418399 0.222978 0.427549 0.213834 0.464630 0.130451 0.455481
8 0.714625 0.742321 0.795389 0.758905 0.778815 0.794821 0.698052 0.778238
15 0.272354 0.883504 0.355841 0.892224 0.347126 0.929351 0.263640 0.920632
14 0.599361 0.892336 0.682649 0.882812 0.692168 0.919851 0.608880 0.929375
11 0.274305 0.845965 0.358516 0.850646 0.353838 0.888095 0.269627 0.883415
10 0.593953 0.849630 0.677814 0.842691 0.684747 0.879985 0.600887 0.886924
1 0.353564 0.357555 0.609634 0.357555 0.609634 0.471433 0.353564 0.471433
16 0.578048 0.377623 0.662551 0.377623 0.662551 0.415203 0.578048 0.415203
