4 0.577755 0.351477 0.662172 0.351477 0.662172 0.389036 0.577755 0.389036
5 0.303988 0.355365 0.388404 0.355365 0.388404 0.392923 0.303988 0.392923
2 0.740551 0.354031 0.816090 0.328883 0.841211 0.362491 0.765672 0.387638
12 0.761563 0.387150 0.839740 0.365894 0.860974 0.400677 0.782796 0.421932
3 0.151603 0.380626 0.233871 0.393257 0.221252 0.429858 0.138986 0.417228
13 0.138696 0.418735 0.221993 0.427880 0.212859 0.464940 0.129562 0.455796
8 0.713136 0.742470 0.793816 0.759044 0.777259 0.794940 0.696579 0.778366
15 0.271808 0.875224 0.356229 0.875271 0.356200 0.912828 0.271781 0.912782
14 0.600064 0.878960 0.684223 0.874542 0.688626 0.911983 0.604467 0.916401
11 0.271587 0.842207 0.355971 0.843788 0.354399 0.881331 0.270015 0.879750
10 0.600986 0.844417 0.685404 0.844239 0.685565 0.881797 0.601149 0.881973
1 0.363369 0.359749 0.619176 0.359749 0.619176 0.473561 0.363369 0.473561
16 0.576698 0.377983 0.661115 0.377983 0.661115 0.415541 0.576698 0.415541
9 0.125073 0.736659 0.201958 0.716715 0.221902 0.750885 0.145018 0.770830
