4 0.589296 0.346605 0.714171 0.346605 0.714171 0.402092 0.589296 0.402092
5 0.254279 0.359851 0.367748 0.359851 0.367748 0.410270 0.254279 0.410270
8 0.817895 0.908390 0.920819 0.925769 0.903436 0.971502 0.800513 0.954124
9 0.009836 0.932523 0.130040 0.932523 0.130040 0.985934 0.009836 0.985934
2 0.795474 0.410939 0.903308 0.375539 0.938715 0.423455 0.830881 0.458854
12 0.837695 0.458675 0.951510 0.423697 0.986496 0.474271 0.872680 0.509248
3 0.045927 0.388107 0.160999 0.403725 0.145378 0.454858 0.030305 0.439238
13 0.031967 0.438516 0.145513 0.456831 0.127194 0.507284 0.013648 0.488969
11 0.237709 0.880834 0.339481 0.880996 0.339317 0.926218 0.237546 0.926055
10 0.646392 0.871158 0.753505 0.871158 0.753505 0.918754 0.646392 0.918754
1 0.320623 0.367323 0.674667 0.367323 0.674667 0.524641 0.320623 0.524641
16 0.591386 0.389156 0.713162 0.389156 0.713162 0.443267 0.591386 0.443267
