4 0.589760 0.345761 0.714493 0.345761 0.714493 0.401192 0.589760 0.401192
5 0.255120 0.358994 0.368461 0.358994 0.368461 0.409362 0.255120 0.409362
8 0.818100 0.906979 0.920908 0.924340 0.903545 0.970027 0.800738 0.952666
9 0.010953 0.931087 0.131021 0.931087 0.131021 0.984444 0.010953 0.984444
2 0.795704 0.410030 0.903417 0.374666 0.938784 0.422534 0.831072 0.457897
12 0.837878 0.457718 0.951565 0.422775 0.986511 0.473298 0.872823 0.508239
3 0.047003 0.387221 0.161946 0.402823 0.146342 0.453904 0.031399 0.438301
13 0.033059 0.437579 0.146477 0.455876 0.128178 0.506278 0.014760 0.487981
11 0.238569 0.879450 0.340226 0.879613 0.340062 0.924789 0.238406 0.924625
10 0.646791 0.869784 0.753783 0.869784 0.753783 0.917332 0.646791 0.917332
1 0.315368 0.362445 0.669013 0.362445 0.669013 0.519604 0.315368 0.519604
16 0.591847 0.388269 0.713486 0.388269 0.713486 0.442325 0.591847 0.442325
