4 0.589299 0.344089 0.708365 0.344089 0.708365 0.396994 0.589299 0.396994
5 0.267321 0.344842 0.375511 0.344842 0.375511 0.392915 0.267321 0.392915
8 0.794146 0.861941 0.911600 0.881773 0.891763 0.933962 0.774310 0.914132
9 0.034250 0.890874 0.148862 0.890874 0.148862 0.941800 0.034250 0.941800
2 0.785464 0.386772 0.894728 0.363715 0.917795 0.412268 0.808530 0.435324
12 0.809403 0.434756 0.920457 0.405346 0.949877 0.454694 0.838821 0.484104
3 0.083930 0.371784 0.193649 0.386675 0.178755 0.435429 0.069035 0.420536
13 0.068076 0.418151 0.176339 0.435615 0.158872 0.483721 0.050608 0.466257
11 0.251522 0.841589 0.348560 0.841744 0.348404 0.884862 0.251367 0.884707
10 0.648828 0.832363 0.750958 0.832363 0.750958 0.877746 0.648828 0.877746
1 0.328034 0.374022 0.665608 0.374022 0.665608 0.524022 0.328034 0.524022
16 0.588747 0.372784 0.704858 0.372784 0.704858 0.424378 0.588747 0.424378
