4 0.566800 0.385962 0.650488 0.385962 0.650488 0.423197 0.566800 0.423197
5 0.309830 0.391744 0.393518 0.391744 0.393518 0.428977 0.309830 0.428977
2 0.718634 0.394754 0.801142 0.385404 0.810482 0.422113 0.727975 0.431463
12 0.732142 0.430677 0.815554 0.426154 0.820074 0.463267 0.736660 0.467790
9 0.157988 0.838736 0.240111 0.827980 0.250855 0.864517 0.168733 0.875273
8 0.756991 0.786389 0.840378 0.791125 0.835647 0.828226 0.752260 0.823489
15 0.277479 0.881546 0.361167 0.881408 0.361311 0.918642 0.277622 0.918780
14 0.635008 0.874150 0.718513 0.870390 0.722247 0.907539 0.638743 0.911299
11 0.281004 0.843209 0.364563 0.846317 0.361462 0.883493 0.277904 0.880385
10 0.635132 0.839828 0.718816 0.838995 0.719623 0.876223 0.635938 0.877057
6 0.535164 0.304510 0.559434 0.251058 0.612829 0.261856 0.588559 0.315309
7 0.331629 0.273615 0.392607 0.311868 0.354394 0.338998 0.293417 0.300744
16 0.564270 0.416674 0.647958 0.416674 0.647958 0.453909 0.564270 0.453909
1 0.356903 0.383438 0.610505 0.383438 0.610505 0.496270 0.356903 0.496270
3 0.152740 0.424444 0.234345 0.432526 0.226263 0.468794 0.144659 0.460713
13 0.149486 0.458691 0.231293 0.465805 0.224179 0.502163 0.142372 0.495050
