4 0.567400 0.276395 0.652763 0.284718 0.644449 0.322694 0.559086 0.314372
5 0.278911 0.262823 0.364653 0.269180 0.358302 0.307326 0.272560 0.300968
2 0.809637 0.297631 0.895519 0.292191 0.900954 0.330399 0.815071 0.335839
12 0.818596 0.356332 0.904701 0.352773 0.908257 0.391079 0.822152 0.394639
3 0.138132 0.311527 0.223825 0.318174 0.217184 0.356297 0.131492 0.349650
13 0.133602 0.361492 0.219004 0.369632 0.210872 0.407626 0.125469 0.399486
8 0.730936 0.917870 0.815951 0.927652 0.806179 0.965473 0.721164 0.955691
9 0.105730 0.845027 0.191386 0.851887 0.184533 0.889993 0.098878 0.883134
10 0.574568 0.829326 0.660794 0.831158 0.658965 0.869518 0.572739 0.867686
11 0.262549 0.807353 0.348319 0.813540 0.342138 0.851697 0.256368 0.845510
1 0.331198 0.328337 0.591698 0.342977 0.577071 0.458869 0.316570 0.444228
16 0.558427 0.305696 0.644149 0.312173 0.637679 0.350308 0.551957 0.343832
