4 0.581120 0.380781 0.665709 0.380781 0.665709 0.418383 0.581120 0.418383
5 0.344713 0.379010 0.429302 0.379010 0.429302 0.416612 0.344713 0.416612
2 0.672293 0.386763 0.752831 0.369517 0.770074 0.405318 0.689536 0.422563
12 0.688442 0.417835 0.770390 0.403850 0.784371 0.440278 0.702423 0.454262
10 0.634245 0.756313 0.718834 0.756313 0.718834 0.793915 0.634245 0.793915
14 0.636926 0.825037 0.721515 0.825037 0.721515 0.862639 0.636926 0.862639
11 0.316299 0.757901 0.400734 0.761313 0.397326 0.798845 0.312892 0.795434
1 0.378454 0.386407 0.634783 0.386407 0.634783 0.500350 0.378454 0.500350
16 0.581409 0.410114 0.665998 0.410114 0.665998 0.447716 0.581409 0.447716
3 0.170875 0.367916 0.252670 0.375091 0.245495 0.411444 0.163700 0.404269
13 0.165910 0.399663 0.247577 0.407456 0.239784 0.443753 0.158117 0.435960
