4 0.576955 0.363928 0.658627 0.363928 0.658627 0.400266 0.576955 0.400266
5 0.333312 0.363928 0.414984 0.363928 0.414984 0.400266 0.333312 0.400266
2 0.699731 0.362737 0.781107 0.358097 0.785742 0.394303 0.704366 0.398943
12 0.705941 0.400328 0.786669 0.392069 0.794919 0.427988 0.714190 0.436246
3 0.190614 0.352253 0.269399 0.366617 0.255050 0.401671 0.176265 0.387306
15 0.301385 0.837484 0.383057 0.837484 0.383057 0.873823 0.301385 0.873823
14 0.619831 0.832349 0.701503 0.832349 0.701503 0.868687 0.619831 0.868687
10 0.617495 0.794124 0.699167 0.794124 0.699167 0.830463 0.617495 0.830463
11 0.303490 0.795837 0.385162 0.795837 0.385162 0.832174 0.303490 0.832174
1 0.367989 0.364022 0.615480 0.364022 0.615480 0.474138 0.367989 0.474138
16 0.579553 0.395354 0.661225 0.395354 0.661225 0.431692 0.579553 0.431692
