4 0.572289 0.368875 0.653349 0.368875 0.653349 0.404931 0.572289 0.404931
5 0.330471 0.368875 0.411531 0.368875 0.411531 0.404931 0.330471 0.404931
2 0.694144 0.367693 0.774910 0.363089 0.779510 0.399014 0.698744 0.403618
12 0.700308 0.404992 0.780431 0.396798 0.788620 0.432437 0.708495 0.440631
3 0.188843 0.357291 0.267037 0.371543 0.252796 0.406324 0.174602 0.392072
15 0.298783 0.838748 0.379843 0.838748 0.379843 0.874804 0.298783 0.874804
14 0.614843 0.833653 0.695903 0.833653 0.695903 0.869708 0.614843 0.869708
10 0.612525 0.795725 0.693585 0.795725 0.693585 0.831781 0.612525 0.831781
11 0.300873 0.797424 0.381933 0.797424 0.381933 0.833479 0.300873 0.833479
1 0.367511 0.372468 0.613147 0.372468 0.613147 0.481727 0.367511 0.481727
16 0.574867 0.400057 0.655927 0.400057 0.655927 0.436112 0.574867 0.436112
