4 0.623495 0.254185 0.713665 0.254185 0.713665 0.294249 0.623495 0.294249
5 0.275069 0.250409 0.365240 0.250409 0.365240 0.290474 0.275069 0.290474
2 0.837322 0.296671 0.922986 0.277900 0.941742 0.315962 0.856078 0.334734
12 0.856790 0.342889 0.941700 0.322651 0.961922 0.360376 0.877013 0.380617
3 0.073645 0.270659 0.159690 0.288638 0.141726 0.326870 0.055681 0.308890
13 0.055433 0.309102 0.142234 0.325386 0.125963 0.363954 0.039162 0.347669
8 0.741575 0.911541 0.826157 0.932381 0.805335 0.969961 0.720752 0.949122
9 0.108257 0.933125 0.196427 0.920532 0.209022 0.959708 0.120853 0.972300
10 0.632032 0.822533 0.722203 0.822533 0.722203 0.862597 0.632032 0.862597
11 0.253893 0.824879 0.343959 0.827787 0.341053 0.867804 0.250988 0.864896
1 0.344655 0.265356 0.617901 0.265356 0.617901 0.386763 0.344655 0.386763
7 0.395047 0.083491 0.467488 0.119298 0.431692 0.151502 0.359251 0.115695
6 0.548096 0.165331 0.578929 0.108825 0.635419 0.122532 0.604586 0.179038
16 0.622215 0.286616 0.712386 0.286616 0.712386 0.326701 0.622215 0.326701
