4 0.569219 0.376969 0.653324 0.376969 0.653324 0.414353 0.569219 0.414353
5 0.328744 0.378731 0.412850 0.378731 0.412850 0.416116 0.328744 0.416116
2 0.713859 0.399607 0.797850 0.396670 0.800787 0.434003 0.716796 0.436940
12 0.716212 0.438975 0.800092 0.434873 0.804195 0.472158 0.720315 0.476261
3 0.162316 0.413970 0.246421 0.413970 0.246421 0.451354 0.162316 0.451354
13 0.162289 0.454493 0.246395 0.454493 0.246395 0.491879 0.162289 0.491879
8 0.751555 0.824497 0.835661 0.824497 0.835661 0.861882 0.751555 0.861882
15 0.281134 0.875358 0.365240 0.875358 0.365240 0.912743 0.281134 0.912743
14 0.642860 0.875903 0.726966 0.875903 0.726966 0.913288 0.642860 0.913288
10 0.644291 0.838370 0.728397 0.838370 0.728397 0.875755 0.644291 0.875755
11 0.280124 0.842052 0.364230 0.842052 0.364230 0.879436 0.280124 0.879436
1 0.362440 0.387286 0.617306 0.387286 0.617306 0.500574 0.362440 0.500574
16 0.570333 0.413198 0.654439 0.413198 0.654439 0.450582 0.570333 0.450582
9 0.140162 0.828189 0.222171 0.822195 0.228165 0.858644 0.146156 0.864637
