4 0.568719 0.377328 0.652725 0.377328 0.652725 0.414691 0.568719 0.414691
5 0.328532 0.379088 0.412537 0.379088 0.412537 0.416452 0.328532 0.416452
2 0.714597 0.398459 0.798602 0.398459 0.798602 0.435822 0.714597 0.435822
12 0.717989 0.436692 0.801981 0.437711 0.800963 0.475068 0.716971 0.474050
3 0.156970 0.414307 0.240976 0.414307 0.240976 0.451670 0.156970 0.451670
13 0.159610 0.454807 0.243615 0.454807 0.243615 0.492171 0.159610 0.492171
8 0.750838 0.824598 0.834844 0.824598 0.834844 0.861961 0.750838 0.861961
15 0.288976 0.887879 0.372981 0.887879 0.372981 0.925242 0.288976 0.925242
14 0.626278 0.881309 0.710283 0.881309 0.710283 0.918672 0.626278 0.918672
10 0.630373 0.838463 0.714379 0.838463 0.714379 0.875826 0.630373 0.875826
11 0.290633 0.842143 0.374638 0.842143 0.374638 0.879506 0.290633 0.879506
1 0.362187 0.387638 0.616749 0.387638 0.616749 0.500861 0.362187 0.500861
16 0.569832 0.413535 0.653838 0.413535 0.653838 0.450898 0.569832 0.450898
