4 0.623942 0.255691 0.713806 0.255691 0.713806 0.295609 0.623942 0.295609
5 0.276705 0.251928 0.366568 0.251928 0.366568 0.291847 0.276705 0.291847
2 0.837041 0.298023 0.922412 0.279320 0.941105 0.317243 0.855732 0.335946
12 0.856442 0.344072 0.941062 0.323907 0.961216 0.361495 0.876596 0.381662
3 0.075969 0.272105 0.161720 0.290019 0.143817 0.328111 0.058066 0.310197
13 0.057818 0.310408 0.144324 0.326633 0.128108 0.365061 0.041603 0.348835
8 0.741620 0.910653 0.825914 0.931417 0.805163 0.968860 0.720869 0.948097
9 0.110462 0.932158 0.198331 0.919612 0.210884 0.958644 0.123016 0.971190
10 0.632451 0.821969 0.722314 0.821969 0.722314 0.861887 0.632451 0.861887
11 0.255602 0.824307 0.345361 0.827204 0.342464 0.867075 0.252706 0.864178
1 0.343147 0.257130 0.615460 0.257130 0.615460 0.378095 0.343147 0.378095
7 0.396274 0.085618 0.468468 0.121295 0.432794 0.153382 0.360600 0.117706
6 0.548801 0.167160 0.579529 0.110860 0.635826 0.124518 0.605098 0.180818
16 0.625379 0.288003 0.715243 0.288003 0.715243 0.327943 0.625379 0.327943
