4 0.618967 0.260035 0.704335 0.260035 0.704335 0.297966 0.618967 0.297966
5 0.289096 0.256461 0.374465 0.256461 0.374465 0.294393 0.289096 0.294393
2 0.810645 0.284787 0.894247 0.273264 0.905757 0.310410 0.822155 0.321934
12 0.825878 0.322760 0.908375 0.308115 0.923007 0.344767 0.840510 0.359415
3 0.098399 0.275632 0.179861 0.292654 0.162855 0.328850 0.081391 0.311827
13 0.081157 0.312028 0.163336 0.327445 0.147931 0.363959 0.065753 0.348542
8 0.717198 0.880698 0.826549 0.907640 0.799629 0.956226 0.690277 0.929284
9 0.114944 0.900914 0.223522 0.881647 0.242791 0.929891 0.134214 0.949156
10 0.634630 0.803170 0.719999 0.803170 0.719999 0.841100 0.634630 0.841100
11 0.261467 0.796968 0.346737 0.799720 0.343985 0.837607 0.258717 0.834854
1 0.354976 0.270612 0.613671 0.270612 0.613671 0.385554 0.354976 0.385554
7 0.402685 0.098432 0.471268 0.132332 0.437378 0.162821 0.368795 0.128921
6 0.547583 0.175914 0.576774 0.122417 0.630255 0.135395 0.601064 0.188891
16 0.617755 0.290740 0.703124 0.290740 0.703124 0.328690 0.617755 0.328690
