4 0.569228 0.376969 0.653336 0.376969 0.653336 0.414353 0.569228 0.414353
5 0.328748 0.378731 0.412856 0.378731 0.412856 0.416116 0.328748 0.416116
2 0.715283 0.398113 0.799391 0.398113 0.799391 0.435497 0.715283 0.435497
12 0.718680 0.436367 0.802774 0.437387 0.801755 0.474766 0.717661 0.473747
3 0.156978 0.413970 0.241086 0.413970 0.241086 0.451354 0.156978 0.451354
13 0.159620 0.454493 0.243728 0.454493 0.243728 0.491879 0.159620 0.491879
8 0.751569 0.824497 0.835677 0.824497 0.835677 0.861882 0.751569 0.861882
15 0.289144 0.887814 0.373252 0.887814 0.373252 0.925199 0.289144 0.925199
14 0.626857 0.881241 0.710965 0.881241 0.710965 0.918626 0.626857 0.918626
10 0.630957 0.838370 0.715065 0.838370 0.715065 0.875755 0.630957 0.875755
11 0.290803 0.842052 0.374911 0.842052 0.374911 0.879436 0.290803 0.879436
1 0.373335 0.381840 0.628207 0.381840 0.628207 0.495128 0.373335 0.495128
16 0.570343 0.413198 0.654450 0.413198 0.654450 0.450582 0.570343 0.450582
