4 0.615328 0.261822 0.700152 0.261822 0.700152 0.299511 0.615328 0.299511
5 0.287555 0.258270 0.372382 0.258270 0.372382 0.295960 0.287555 0.295960
2 0.805786 0.286416 0.888857 0.274967 0.900294 0.311876 0.817223 0.323327
12 0.820923 0.324147 0.902895 0.309595 0.917433 0.346014 0.835462 0.360569
3 0.095006 0.279109 0.177718 0.291657 0.165183 0.328409 0.082471 0.315860
13 0.080940 0.313484 0.162595 0.328803 0.147288 0.365084 0.065633 0.349764
8 0.712934 0.878536 0.821589 0.905307 0.794841 0.953583 0.686185 0.926813
9 0.114510 0.898623 0.222399 0.879478 0.241545 0.927416 0.133658 0.946559
10 0.630891 0.801501 0.715717 0.801501 0.715717 0.839190 0.630891 0.839190
11 0.260103 0.795339 0.344829 0.798074 0.342095 0.835718 0.257370 0.832983
1 0.353017 0.272331 0.610065 0.272331 0.610065 0.386541 0.353017 0.386541
7 0.400421 0.101246 0.468568 0.134931 0.434894 0.165226 0.366748 0.131541
6 0.544398 0.178235 0.573403 0.125079 0.626545 0.137973 0.597539 0.191129
16 0.614123 0.292330 0.698949 0.292330 0.698949 0.330039 0.614123 0.330039
