4 0.589605 0.382736 0.673864 0.382736 0.673864 0.420186 0.589605 0.420186
5 0.331357 0.382419 0.415616 0.382419 0.415616 0.419869 0.331357 0.419869
2 0.735239 0.411684 0.819496 0.411297 0.819883 0.448745 0.735626 0.449132
12 0.733328 0.452547 0.817320 0.448074 0.821793 0.485404 0.737801 0.489877
15 0.302225 0.856854 0.386484 0.856854 0.386484 0.894304 0.302225 0.894304
11 0.301205 0.831988 0.385465 0.831988 0.385465 0.869438 0.301205 0.869438
1 0.384280 0.406371 0.639612 0.406371 0.639612 0.519854 0.384280 0.519854
16 0.593677 0.414023 0.677936 0.414023 0.677936 0.451473 0.593677 0.451473
3 0.156259 0.435403 0.238759 0.435403 0.238759 0.472070 0.156259 0.472070
13 0.156259 0.470991 0.238759 0.470991 0.238759 0.507657 0.156259 0.507657
10 0.626010 0.819745 0.708510 0.819745 0.708510 0.856412 0.626010 0.856412
14 0.623341 0.844656 0.705841 0.844656 0.705841 0.881323 0.623341 0.881323
9 0.157031 0.809345 0.239311 0.805331 0.243325 0.841900 0.161045 0.845914
8 0.743799 0.678930 0.819994 0.700017 0.798906 0.733882 0.722711 0.712794
