4 0.546250 0.388936 0.630875 0.388936 0.630875 0.426581 0.546250 0.426581
5 0.292242 0.386988 0.376868 0.386988 0.376868 0.424633 0.292242 0.424633
2 0.698069 0.424003 0.782695 0.424003 0.782695 0.461648 0.698069 0.461648
12 0.698069 0.457121 0.782695 0.457121 0.782695 0.494767 0.698069 0.494767
10 0.636425 0.849647 0.721050 0.849647 0.721050 0.887292 0.636425 0.887292
14 0.641263 0.890670 0.725888 0.890670 0.725888 0.928315 0.641263 0.928315
9 0.146717 0.793412 0.229041 0.780333 0.242108 0.816955 0.159785 0.830034
1 0.329868 0.387122 0.586309 0.387122 0.586309 0.501198 0.329868 0.501198
11 0.287891 0.843241 0.370644 0.855054 0.358842 0.891866 0.276089 0.880053
15 0.271492 0.883271 0.355068 0.892136 0.346213 0.929314 0.262636 0.920451
16 0.544884 0.414542 0.629510 0.414542 0.629510 0.452187 0.544884 0.452187
