4 0.546250 0.388936 0.630875 0.388936 0.630875 0.426581 0.546250 0.426581
5 0.292242 0.386988 0.376868 0.386988 0.376868 0.424633 0.292242 0.424633
2 0.698069 0.424003 0.782695 0.424003 0.782695 0.461648 0.698069 0.461648
12 0.698069 0.457121 0.782695 0.457121 0.782695 0.494767 0.698069 0.494767
10 0.647101 0.847868 0.731726 0.847868 0.731726 0.885513 0.647101 0.885513
14 0.646601 0.881773 0.731226 0.881773 0.731226 0.919418 0.646601 0.919418
9 0.146717 0.793412 0.229041 0.780333 0.242108 0.816955 0.159785 0.830034
1 0.329868 0.387122 0.586309 0.387122 0.586309 0.501198 0.329868 0.501198
11 0.283532 0.846454 0.367868 0.851138 0.363201 0.888653 0.278865 0.883969
15 0.279343 0.883714 0.363751 0.887765 0.359715 0.925312 0.275305 0.921263
16 0.544884 0.414542 0.629510 0.414542 0.629510 0.452187 0.544884 0.452187
13 0.126899 0.444300 0.209399 0.444300 0.209399 0.480967 0.126899 0.480967
3 0.129569 0.412272 0.212069 0.412272 0.212069 0.448938 0.129569 0.448938
8 0.785714 0.799896 0.867971 0.804115 0.863752 0.840673 0.781495 0.836455
