4 0.584114 0.386110 0.668033 0.386110 0.668033 0.423388 0.584114 0.423388
5 0.323228 0.386110 0.407147 0.386110 0.407147 0.423388 0.323228 0.423388
11 0.280689 0.795992 0.364608 0.795992 0.364608 0.833270 0.280689 0.833270
10 0.623518 0.794319 0.707437 0.794319 0.707437 0.831597 0.623518 0.831597
14 0.628914 0.854936 0.712832 0.854936 0.712832 0.892214 0.628914 0.892214
1 0.372115 0.389825 0.626414 0.389825 0.626414 0.502788 0.372115 0.502788
6 0.598279 0.257123 0.643539 0.266582 0.622246 0.311818 0.576986 0.302359
7 0.389280 0.249686 0.413453 0.305962 0.362176 0.315742 0.338002 0.259466
15 0.277929 0.851258 0.361848 0.851258 0.361848 0.888536 0.277929 0.888536
16 0.587140 0.415191 0.671059 0.415191 0.671059 0.452469 0.587140 0.452469
