4 0.584109 0.386110 0.668030 0.386110 0.668030 0.423388 0.584109 0.423388
5 0.323217 0.386110 0.407137 0.386110 0.407137 0.423388 0.323217 0.423388
11 0.280677 0.790654 0.364597 0.790654 0.364597 0.827932 0.280677 0.827932
10 0.628852 0.788981 0.712773 0.788981 0.712773 0.826259 0.628852 0.826259
14 0.628909 0.854936 0.712830 0.854936 0.712830 0.892214 0.628909 0.892214
1 0.366676 0.389825 0.620980 0.389825 0.620980 0.502788 0.366676 0.502788
6 0.598274 0.257123 0.643535 0.266582 0.622242 0.311818 0.576980 0.302359
7 0.389270 0.249686 0.413444 0.305962 0.362166 0.315742 0.337991 0.259466
15 0.277917 0.851258 0.361838 0.851258 0.361838 0.888536 0.277917 0.888536
16 0.587135 0.415191 0.671056 0.415191 0.671056 0.452469 0.587135 0.452469
2 0.727303 0.391076 0.807303 0.377639 0.820740 0.413194 0.740740 0.426632
12 0.737885 0.421503 0.817769 0.407762 0.831510 0.443266 0.751626 0.457007
3 0.193949 0.384540 0.273747 0.398500 0.259787 0.433966 0.179989 0.420006
13 0.177917 0.413020 0.257726 0.426955 0.243791 0.462425 0.163983 0.448490
