4 0.560739 0.373377 0.645129 0.373377 0.645129 0.410892 0.560739 0.410892
5 0.338137 0.371610 0.422527 0.371610 0.422527 0.409125 0.338137 0.409125
2 0.732799 0.350076 0.801605 0.339657 0.812022 0.370244 0.743215 0.380664
3 0.203183 0.366472 0.284518 0.381473 0.269520 0.417630 0.188184 0.402629
11 0.285011 0.805222 0.369402 0.805222 0.369402 0.842737 0.285011 0.842737
10 0.570450 0.808254 0.654840 0.808254 0.654840 0.845769 0.570450 0.845769
14 0.574995 0.852507 0.659386 0.852507 0.659386 0.890022 0.574995 0.890022
1 0.366740 0.377223 0.622468 0.377223 0.622468 0.490903 0.366740 0.490903
6 0.594630 0.249739 0.637454 0.263750 0.605937 0.306583 0.563114 0.292572
15 0.285011 0.855454 0.369402 0.855454 0.369402 0.892969 0.285011 0.892969
16 0.567260 0.401291 0.651650 0.401291 0.651650 0.438805 0.567260 0.438805
