4 0.560739 0.373377 0.645129 0.373377 0.645129 0.410892 0.560739 0.410892
5 0.338137 0.371610 0.422527 0.371610 0.422527 0.409125 0.338137 0.409125
2 0.722084 0.346710 0.790890 0.336291 0.801307 0.366878 0.732500 0.377298
3 0.201893 0.359328 0.283228 0.374329 0.268231 0.410486 0.186894 0.395485
11 0.296138 0.808069 0.380528 0.808069 0.380528 0.845583 0.296138 0.845583
10 0.589409 0.808282 0.673799 0.808282 0.673799 0.845797 0.589409 0.845797
14 0.592460 0.849515 0.676850 0.849515 0.676850 0.887030 0.592460 0.887030
1 0.355819 0.379043 0.611547 0.379043 0.611547 0.492723 0.355819 0.492723
6 0.594630 0.249739 0.637454 0.263750 0.605937 0.306583 0.563114 0.292572
15 0.296138 0.855245 0.380528 0.855245 0.380528 0.892759 0.296138 0.892759
16 0.562168 0.404687 0.646558 0.404687 0.646558 0.442201 0.562168 0.442201
