4 0.561580 0.373377 0.645968 0.373377 0.645968 0.410892 0.561580 0.410892
5 0.338985 0.371610 0.423373 0.371610 0.423373 0.409125 0.338985 0.409125
2 0.715708 0.353409 0.798558 0.337197 0.814768 0.374029 0.731917 0.390241
3 0.204034 0.366472 0.285368 0.381473 0.270370 0.417630 0.189036 0.402629
11 0.293868 0.808781 0.378255 0.808781 0.378255 0.846296 0.293868 0.846296
10 0.584635 0.808254 0.669023 0.808254 0.669023 0.845769 0.584635 0.845769
14 0.586512 0.847169 0.670900 0.847169 0.670900 0.884684 0.586512 0.884684
1 0.367587 0.373582 0.623307 0.373582 0.623307 0.487262 0.367587 0.487262
6 0.595470 0.249739 0.638293 0.263750 0.606777 0.306583 0.563955 0.292572
15 0.291199 0.846557 0.375586 0.846557 0.375586 0.884072 0.291199 0.884072
16 0.568101 0.401291 0.652489 0.401291 0.652489 0.438805 0.568101 0.438805
12 0.729987 0.391047 0.810006 0.377660 0.823393 0.413224 0.743375 0.426611
13 0.199231 0.397332 0.277410 0.414897 0.259844 0.449644 0.181665 0.432078
