4 0.595334 0.396668 0.679484 0.396668 0.679484 0.434054 0.595334 0.434054
5 0.331086 0.394907 0.415236 0.394907 0.415236 0.432293 0.331086 0.432293
2 0.756460 0.384180 0.825070 0.373796 0.835458 0.404278 0.766846 0.414662
11 0.299631 0.754180 0.383762 0.755357 0.382578 0.792734 0.298447 0.791558
10 0.592161 0.755376 0.676300 0.754579 0.677106 0.791962 0.592966 0.792759
14 0.592282 0.785041 0.676430 0.785137 0.676346 0.822522 0.592200 0.822428
6 0.643347 0.268019 0.689707 0.275109 0.673751 0.321450 0.627391 0.314361
15 0.299684 0.782829 0.383821 0.783798 0.382845 0.821177 0.298708 0.820209
7 0.398686 0.246690 0.431112 0.298438 0.379344 0.312844 0.346918 0.261096
1 0.364253 0.393723 0.619253 0.393723 0.619253 0.507012 0.364253 0.507012
16 0.595416 0.423659 0.679566 0.423659 0.679566 0.461044 0.595416 0.461044
12 0.759627 0.420785 0.839965 0.408277 0.852473 0.443983 0.772135 0.456491
3 0.178339 0.362951 0.257905 0.377487 0.243369 0.412850 0.163803 0.398314
13 0.168094 0.394579 0.248850 0.405829 0.237600 0.441720 0.156844 0.430470
