4 0.595334 0.396668 0.679484 0.396668 0.679484 0.434054 0.595334 0.434054
5 0.331086 0.394907 0.415236 0.394907 0.415236 0.432293 0.331086 0.432293
2 0.756460 0.384180 0.825070 0.373796 0.835458 0.404278 0.766846 0.414662
11 0.299141 0.741325 0.382038 0.750968 0.372392 0.787796 0.289495 0.778154
10 0.576612 0.758273 0.658563 0.745538 0.671303 0.781948 0.589351 0.794682
14 0.591708 0.798406 0.672933 0.783749 0.687596 0.819834 0.606373 0.834492
6 0.643347 0.268019 0.689707 0.275109 0.673751 0.321450 0.627391 0.314361
15 0.283608 0.785662 0.366369 0.795812 0.356216 0.832579 0.273455 0.822430
7 0.398686 0.246690 0.431112 0.298438 0.379344 0.312844 0.346918 0.261096
1 0.377865 0.391909 0.632865 0.391909 0.632865 0.505197 0.377865 0.505197
16 0.592876 0.418582 0.677026 0.418582 0.677026 0.455968 0.592876 0.455968
