4 0.559730 0.373679 0.642427 0.373679 0.642427 0.410450 0.559730 0.410450
5 0.331207 0.377143 0.413904 0.377143 0.413904 0.413913 0.331207 0.413913
2 0.713269 0.362562 0.794121 0.350976 0.805704 0.386925 0.724852 0.398513
12 0.722439 0.401236 0.801793 0.385713 0.817309 0.420997 0.737954 0.436519
3 0.174123 0.358171 0.255171 0.369137 0.244215 0.405174 0.163168 0.394207
10 0.636141 0.805819 0.718567 0.801358 0.723021 0.838009 0.640594 0.842470
14 0.638241 0.844657 0.720716 0.840601 0.724763 0.877272 0.642288 0.881329
15 0.337185 0.847565 0.419882 0.847565 0.419882 0.884336 0.337185 0.884336
1 0.366712 0.380598 0.617309 0.380598 0.617309 0.492024 0.366712 0.492024
7 0.364025 0.258798 0.399670 0.308568 0.349922 0.324416 0.314277 0.274648
6 0.540495 0.300228 0.575293 0.250194 0.625306 0.265666 0.590508 0.315701
11 0.332367 0.808528 0.415063 0.808528 0.415063 0.845298 0.332367 0.845298
16 0.560419 0.398183 0.643115 0.398183 0.643115 0.434954 0.560419 0.434954
13 0.163775 0.395709 0.244018 0.408484 0.231243 0.444148 0.151000 0.431373
