4 0.559730 0.373680 0.642427 0.373680 0.642427 0.410451 0.559730 0.410451
5 0.331207 0.377144 0.413904 0.377144 0.413904 0.413914 0.331207 0.413914
2 0.713269 0.362563 0.794121 0.350977 0.805704 0.386926 0.724852 0.398514
12 0.722439 0.401237 0.801793 0.385714 0.817309 0.420998 0.737954 0.436520
3 0.169631 0.356055 0.248745 0.372114 0.232693 0.407292 0.153580 0.391232
10 0.620547 0.808877 0.701851 0.798800 0.711924 0.834952 0.630620 0.845029
14 0.635111 0.849082 0.715791 0.836974 0.727893 0.872848 0.647213 0.884956
15 0.337185 0.847565 0.419882 0.847565 0.419882 0.884336 0.337185 0.884336
1 0.361362 0.378814 0.611958 0.378814 0.611958 0.490240 0.361362 0.490240
7 0.364025 0.258799 0.399670 0.308569 0.349922 0.324418 0.314277 0.274649
6 0.540495 0.300229 0.575293 0.250195 0.625306 0.265668 0.590508 0.315702
11 0.332367 0.808528 0.415063 0.808528 0.415063 0.845298 0.332367 0.845298
16 0.560419 0.398184 0.643115 0.398184 0.643115 0.434955 0.560419 0.434955
