4 0.559730 0.373679 0.642427 0.373679 0.642427 0.410450 0.559730 0.410450
5 0.331207 0.377143 0.413904 0.377143 0.413904 0.413913 0.331207 0.413913
2 0.713269 0.362562 0.794121 0.350976 0.805704 0.386925 0.724852 0.398513
12 0.722439 0.401236 0.801793 0.385713 0.817309 0.420997 0.737954 0.436519
3 0.169631 0.356054 0.248745 0.372113 0.232693 0.407291 0.153580 0.391231
10 0.620547 0.808877 0.701851 0.798799 0.711924 0.834951 0.630620 0.845029
14 0.635111 0.849081 0.715791 0.836974 0.727893 0.872848 0.647213 0.884956
15 0.337185 0.847565 0.419882 0.847565 0.419882 0.884336 0.337185 0.884336
1 0.366712 0.380598 0.617309 0.380598 0.617309 0.492024 0.366712 0.492024
7 0.364025 0.258798 0.399670 0.308568 0.349922 0.324416 0.314277 0.274648
6 0.540495 0.300228 0.575293 0.250194 0.625306 0.265666 0.590508 0.315701
11 0.332367 0.808528 0.415063 0.808528 0.415063 0.845298 0.332367 0.845298
16 0.560419 0.398183 0.643115 0.398183 0.643115 0.434954 0.560419 0.434954
