4 0.632482 0.369583 0.716602 0.369583 0.716602 0.407012 0.632482 0.407012
3 0.188203 0.381400 0.271250 0.390339 0.262319 0.427290 0.179273 0.418350
13 0.178269 0.419906 0.261972 0.425488 0.256405 0.462731 0.172701 0.457146
11 0.296888 0.844700 0.380788 0.848754 0.376729 0.886083 0.292829 0.882029
14 0.610903 0.895478 0.695020 0.895865 0.694633 0.933292 0.610515 0.932905
15 0.294435 0.887197 0.378555 0.887197 0.378555 0.924625 0.294435 0.924625
1 0.391150 0.385224 0.646058 0.385224 0.646058 0.498642 0.391150 0.498642
6 0.602582 0.322634 0.617141 0.278139 0.661588 0.284617 0.647029 0.329112
16 0.627974 0.440501 0.711521 0.447044 0.704985 0.484217 0.621438 0.477674
9 0.167380 0.790885 0.251499 0.790885 0.251499 0.828313 0.167380 0.828313
8 0.743640 0.803798 0.826405 0.813834 0.816382 0.850659 0.733616 0.840624
14 0.611848 0.860228 0.695968 0.860228 0.695968 0.897656 0.611848 0.897656
2 0.762131 0.417610 0.844631 0.417610 0.844631 0.454276 0.762131 0.454276
12 0.767469 0.451418 0.849969 0.451418 0.849969 0.488084 0.767469 0.488084
