4 0.618554 0.305705 0.704566 0.305705 0.704566 0.343908 0.618554 0.343908
5 0.304299 0.306889 0.390239 0.304552 0.392580 0.342724 0.306639 0.345062
2 0.810402 0.316038 0.888362 0.291830 0.912587 0.326456 0.834626 0.350665
12 0.837321 0.348944 0.913748 0.328227 0.934478 0.362175 0.858050 0.382890
3 0.109567 0.296808 0.192268 0.312554 0.176510 0.349287 0.093810 0.333539
13 0.089530 0.330143 0.171240 0.348038 0.153331 0.384332 0.071621 0.366434
11 0.251446 0.793469 0.337458 0.793469 0.337458 0.831672 0.251446 0.831672
10 0.667862 0.796395 0.753853 0.797628 0.752620 0.835823 0.666627 0.834590
1 0.369127 0.333941 0.629770 0.333941 0.629770 0.449709 0.369127 0.449709
9 0.038726 0.788616 0.151346 0.789778 0.150180 0.839799 0.037561 0.838638
8 0.856819 0.787528 0.968814 0.787665 0.968679 0.837409 0.856682 0.837274
7 0.387457 0.186990 0.403336 0.243310 0.346980 0.250363 0.331101 0.194042
16 0.592167 0.413923 0.709471 0.413923 0.709471 0.466024 0.592167 0.466024
6 0.583616 0.242343 0.596506 0.185685 0.653200 0.191411 0.640310 0.248068
