4 0.549291 0.368378 0.633715 0.371940 0.630153 0.409467 0.545729 0.405905
5 0.336505 0.373063 0.421024 0.370707 0.423380 0.408275 0.338860 0.410632
2 0.711209 0.406539 0.794827 0.397999 0.803367 0.435166 0.719750 0.443707
12 0.723467 0.438056 0.807773 0.433413 0.812413 0.470888 0.728106 0.475528
11 0.293417 0.841391 0.377979 0.842896 0.376474 0.880483 0.291911 0.878977
10 0.598213 0.839754 0.682785 0.840967 0.681572 0.878560 0.596999 0.877347
14 0.600736 0.860576 0.685326 0.860966 0.684937 0.898565 0.600346 0.898177
15 0.292323 0.871454 0.376916 0.871454 0.376916 0.909055 0.292323 0.909055
1 0.381880 0.601334 0.638222 0.601334 0.638222 0.715277 0.381880 0.715277
9 0.182366 0.797246 0.266843 0.800201 0.263886 0.837750 0.179409 0.834795
8 0.697112 0.779478 0.781090 0.786261 0.774306 0.823589 0.690327 0.816806
16 0.543666 0.453654 0.628136 0.456690 0.625100 0.494237 0.540630 0.491201
3 0.238999 0.460315 0.321499 0.460315 0.321499 0.496981 0.238999 0.496981
13 0.244337 0.497681 0.326837 0.497681 0.326837 0.534347 0.244337 0.534347
6 0.553422 0.306055 0.586618 0.255704 0.636969 0.270458 0.603773 0.320809
