4 0.623929 0.304080 0.731219 0.304080 0.731219 0.351734 0.623929 0.351734
5 0.302331 0.305868 0.406559 0.307210 0.405224 0.353505 0.300995 0.352164
2 0.796793 0.330206 0.895518 0.299550 0.926196 0.343399 0.827469 0.374057
12 0.822706 0.362510 0.922127 0.335560 0.949093 0.379721 0.849671 0.406669
3 0.091841 0.294382 0.191961 0.313444 0.172884 0.357914 0.072765 0.338849
13 0.071711 0.338814 0.176547 0.360207 0.155136 0.406773 0.050300 0.385377
11 0.251446 0.809025 0.337458 0.809025 0.337458 0.847228 0.251446 0.847228
10 0.667862 0.811951 0.753853 0.813184 0.752620 0.851379 0.666627 0.850146
1 0.377134 0.340600 0.637777 0.340600 0.637777 0.456368 0.377134 0.456368
9 0.030719 0.804172 0.143339 0.805334 0.142173 0.855355 0.029554 0.854194
8 0.856819 0.803084 0.968814 0.803221 0.968679 0.852965 0.856682 0.852830
7 0.393441 0.170665 0.411922 0.236211 0.346334 0.244419 0.327854 0.178872
16 0.605512 0.418803 0.722816 0.418803 0.722816 0.470904 0.605512 0.470904
6 0.606438 0.240768 0.610215 0.172604 0.678420 0.174276 0.674643 0.242438
