4 0.563452 0.376516 0.648048 0.376516 0.648048 0.414162 0.563452 0.414162
5 0.334600 0.387096 0.418597 0.380389 0.425297 0.417768 0.341300 0.424476
2 0.681867 0.402287 0.765487 0.393737 0.774028 0.430948 0.690407 0.439498
12 0.685660 0.445491 0.768039 0.432652 0.780862 0.469313 0.698481 0.482149
11 0.346462 0.792856 0.430616 0.798613 0.424865 0.836061 0.340711 0.830303
10 0.592889 0.795032 0.677464 0.796247 0.676251 0.833884 0.591675 0.832669
14 0.619433 0.858632 0.704027 0.859022 0.703637 0.896665 0.619044 0.896276
15 0.327025 0.857053 0.411620 0.857053 0.411620 0.894698 0.327025 0.894698
1 0.371075 0.383493 0.627425 0.383493 0.627425 0.497568 0.371075 0.497568
9 0.194988 0.820107 0.278093 0.809550 0.288636 0.846532 0.205531 0.857088
8 0.733518 0.803806 0.818113 0.803910 0.818010 0.841554 0.733415 0.841452
7 0.378709 0.264179 0.415903 0.314896 0.365250 0.331447 0.328055 0.280730
16 0.563451 0.459857 0.648047 0.459857 0.648047 0.497502 0.563451 0.497502
