4 0.623929 0.294635 0.731219 0.294635 0.731219 0.342289 0.623929 0.342289
5 0.302331 0.296423 0.406559 0.297765 0.405224 0.344060 0.300995 0.342719
2 0.796793 0.320761 0.895518 0.290105 0.926196 0.333954 0.827469 0.364612
12 0.822706 0.353065 0.922127 0.326115 0.949093 0.370276 0.849671 0.397224
3 0.091841 0.284937 0.191961 0.303999 0.172884 0.348469 0.072765 0.329404
13 0.071711 0.329369 0.176547 0.350762 0.155136 0.397328 0.050300 0.375932
11 0.251446 0.799580 0.337458 0.799580 0.337458 0.837783 0.251446 0.837783
10 0.667862 0.802506 0.753853 0.803739 0.752620 0.841934 0.666627 0.840701
1 0.377134 0.331155 0.637777 0.331155 0.637777 0.446923 0.377134 0.446923
9 0.030719 0.794727 0.143339 0.795889 0.142173 0.845910 0.029554 0.844749
8 0.856819 0.793639 0.968814 0.793776 0.968679 0.843520 0.856682 0.843385
7 0.393441 0.161220 0.411922 0.226766 0.346334 0.234974 0.327854 0.169427
16 0.605512 0.409358 0.722816 0.409358 0.722816 0.461459 0.605512 0.461459
6 0.606438 0.231323 0.610215 0.163159 0.678420 0.164831 0.674643 0.232993
