4 0.620675 0.272335 0.712004 0.272335 0.712004 0.312911 0.620675 0.312911
5 0.296751 0.276009 0.388078 0.276309 0.387780 0.316884 0.296452 0.316585
2 0.821848 0.293202 0.906193 0.269862 0.929544 0.307335 0.845197 0.330675
12 0.839783 0.334142 0.935244 0.311899 0.957494 0.354313 0.862032 0.376552
3 0.068689 0.293424 0.156501 0.310149 0.139770 0.349161 0.051958 0.332437
13 0.047414 0.332652 0.134174 0.351659 0.115158 0.390205 0.028398 0.371197
11 0.244979 0.744412 0.336307 0.744412 0.336307 0.784987 0.244979 0.784987
10 0.678698 0.741850 0.770004 0.743159 0.768695 0.783726 0.677387 0.782417
1 0.361079 0.273388 0.637832 0.273388 0.637832 0.396344 0.361079 0.396344
9 0.037835 0.817707 0.129142 0.816376 0.130473 0.856941 0.039166 0.858272
8 0.861634 0.811247 0.952961 0.811359 0.952851 0.851934 0.861522 0.851823
16 0.622846 0.316298 0.714175 0.316298 0.714175 0.356874 0.622846 0.356874
