4 0.620675 0.382324 0.712004 0.382324 0.712004 0.422896 0.620675 0.422896
5 0.296751 0.385997 0.388078 0.386297 0.387780 0.426869 0.296452 0.426570
2 0.821848 0.403189 0.906193 0.379850 0.929544 0.417321 0.845197 0.440659
12 0.839783 0.444126 0.935244 0.421885 0.957494 0.464296 0.862032 0.486532
3 0.068689 0.403410 0.156501 0.420134 0.139770 0.459144 0.051958 0.442421
13 0.047414 0.442635 0.134174 0.461641 0.115158 0.500184 0.028398 0.481178
11 0.244979 0.854364 0.336307 0.854364 0.336307 0.894936 0.244979 0.894936
10 0.678698 0.851803 0.770004 0.853112 0.768695 0.893676 0.677387 0.892367
1 0.370228 0.382546 0.646981 0.382546 0.646981 0.505492 0.370228 0.505492
9 0.037835 0.927653 0.129142 0.926323 0.130473 0.966885 0.039166 0.968216
8 0.861634 0.921195 0.952961 0.921306 0.952851 0.961878 0.861522 0.961767
16 0.622846 0.417101 0.714175 0.417101 0.714175 0.457674 0.622846 0.457674
