4 0.576873 0.384822 0.658269 0.384822 0.658269 0.421039 0.576873 0.421039
5 0.310935 0.384675 0.392331 0.384675 0.392331 0.420892 0.310935 0.420892
2 0.756024 0.416676 0.835515 0.404994 0.847185 0.440363 0.767693 0.452045
12 0.772443 0.450788 0.852803 0.442144 0.861438 0.477899 0.781078 0.486543
3 0.149900 0.418300 0.229118 0.430787 0.216650 0.466033 0.137431 0.453547
9 0.146212 0.834155 0.223682 0.817487 0.240332 0.851956 0.162863 0.868625
14 0.630240 0.894062 0.711637 0.894062 0.711637 0.930278 0.630240 0.930278
15 0.290754 0.897267 0.372150 0.897267 0.372150 0.933484 0.290754 0.933484
10 0.630472 0.853945 0.711869 0.853945 0.711869 0.890162 0.630472 0.890162
11 0.288275 0.862165 0.369672 0.862165 0.369672 0.898382 0.288275 0.898382
1 0.365907 0.413026 0.612563 0.413026 0.612563 0.522774 0.365907 0.522774
13 0.138094 0.457284 0.219145 0.467547 0.208881 0.503570 0.127830 0.493307
8 0.783483 0.825083 0.865983 0.825083 0.865983 0.861750 0.783483 0.861750
