8 0.802349 0.793764 0.879116 0.812429 0.860461 0.846591 0.783695 0.827925
9 0.119123 0.793622 0.200641 0.789908 0.204344 0.826182 0.122827 0.829896
4 0.595895 0.380710 0.677601 0.380710 0.677601 0.417049 0.595895 0.417049
5 0.334044 0.380710 0.415750 0.380710 0.415750 0.417049 0.334044 0.417049
1 0.382025 0.384406 0.629619 0.384406 0.629619 0.494521 0.382025 0.494521
11 0.285189 0.841292 0.366895 0.841292 0.366895 0.877630 0.285189 0.877630
14 0.605853 0.881513 0.687559 0.881513 0.687559 0.917852 0.605853 0.917852
15 0.285112 0.879749 0.366818 0.879749 0.366818 0.916088 0.285112 0.916088
10 0.608652 0.841136 0.690358 0.841136 0.690358 0.877474 0.608652 0.877474
2 0.751995 0.411633 0.833070 0.404872 0.839827 0.440930 0.758752 0.447690
12 0.764024 0.453866 0.844652 0.445042 0.853470 0.480901 0.772843 0.489725
3 0.182246 0.400795 0.260215 0.417092 0.243928 0.451768 0.165960 0.435471
13 0.168030 0.437596 0.246751 0.452195 0.232162 0.487205 0.153442 0.472607
16 0.595873 0.414814 0.677579 0.414814 0.677579 0.451152 0.595873 0.451152
