8 0.746857 0.790410 0.831233 0.793250 0.828383 0.830784 0.744008 0.827943
9 0.167241 0.833702 0.249757 0.821595 0.261849 0.858298 0.179333 0.870406
4 0.613074 0.372300 0.697560 0.372300 0.697560 0.409859 0.613074 0.409859
5 0.352923 0.374070 0.437410 0.374070 0.437410 0.411629 0.352923 0.411629
1 0.397071 0.374350 0.653092 0.374350 0.653092 0.488164 0.397071 0.488164
11 0.328558 0.797513 0.403354 0.797513 0.403354 0.830763 0.328558 0.830763
14 0.637864 0.829086 0.717304 0.809896 0.736468 0.845212 0.657028 0.864402
15 0.341836 0.857788 0.426068 0.853409 0.430442 0.890854 0.346210 0.895234
2 0.734691 0.384790 0.818526 0.377802 0.825512 0.415071 0.741678 0.422059
12 0.741823 0.428442 0.825196 0.419321 0.834314 0.456385 0.750943 0.465505
3 0.175708 0.408319 0.259701 0.414384 0.253625 0.451725 0.169633 0.445660
13 0.178719 0.442930 0.259628 0.451949 0.250605 0.487919 0.169697 0.478899
16 0.616543 0.403652 0.701030 0.403652 0.701030 0.441232 0.616543 0.441232
