8 0.747696 0.790532 0.832066 0.793370 0.829216 0.830882 0.744847 0.828043
9 0.168114 0.833798 0.250625 0.821698 0.262716 0.858380 0.180206 0.870481
4 0.613920 0.372663 0.698402 0.372663 0.698402 0.410201 0.613920 0.410201
5 0.353785 0.374432 0.438267 0.374432 0.438267 0.411970 0.353785 0.411970
1 0.395198 0.372889 0.651203 0.372889 0.651203 0.486638 0.395198 0.486638
11 0.329422 0.797630 0.404213 0.797630 0.404213 0.830861 0.329422 0.830861
14 0.638709 0.829185 0.718144 0.810006 0.737307 0.845301 0.657872 0.864480
15 0.342699 0.857870 0.426926 0.853494 0.431300 0.890918 0.347073 0.895294
2 0.735531 0.385146 0.819360 0.378163 0.826346 0.415409 0.742517 0.422393
12 0.742662 0.428772 0.826030 0.419657 0.835147 0.456699 0.751781 0.465814
3 0.176581 0.408661 0.260569 0.414723 0.254493 0.452043 0.170506 0.445981
13 0.179591 0.443252 0.260496 0.452266 0.251473 0.488215 0.170570 0.479201
16 0.617390 0.403998 0.701871 0.403998 0.701871 0.441556 0.617390 0.441556
