8 0.853818 0.661117 0.888818 0.712277 0.837678 0.727837 0.802680 0.676677
9 0.349645 0.733764 0.382232 0.668952 0.447000 0.683447 0.414415 0.748259
4 0.670600 0.400980 0.754019 0.392833 0.762150 0.429910 0.678730 0.438057
5 0.418436 0.422910 0.501535 0.413428 0.511007 0.450364 0.427907 0.459846
1 0.465586 0.437160 0.719309 0.417240 0.739207 0.530012 0.485484 0.549933
11 0.398190 0.829782 0.472827 0.829782 0.472827 0.862955 0.398190 0.862955
14 0.734669 0.875247 0.818310 0.868165 0.825370 0.905338 0.741728 0.912420
15 0.406823 0.890408 0.491120 0.891267 0.490265 0.928734 0.405967 0.927877
2 0.792932 0.389744 0.876588 0.382772 0.883559 0.419954 0.799904 0.426926
12 0.797401 0.431528 0.880596 0.422429 0.889695 0.459407 0.806501 0.468506
3 0.187785 0.437409 0.263367 0.462319 0.238467 0.495911 0.162886 0.471001
13 0.159882 0.477990 0.235040 0.499632 0.213412 0.533034 0.138256 0.511391
10 0.721079 0.813470 0.804771 0.806699 0.811547 0.843920 0.727855 0.850691
16 0.689154 0.445971 0.772983 0.439961 0.778976 0.477239 0.695147 0.483248
