9 0.247949 0.813223 0.325965 0.801021 0.338158 0.835708 0.260143 0.847912
4 0.646977 0.379855 0.722478 0.380820 0.721514 0.414370 0.646013 0.413405
5 0.413605 0.374264 0.498261 0.375249 0.497277 0.412868 0.412622 0.411883
1 0.443545 0.396246 0.700038 0.400429 0.695861 0.514406 0.439367 0.510224
11 0.362123 0.779429 0.437080 0.779429 0.437080 0.812736 0.362123 0.812736
14 0.611363 0.829184 0.695943 0.831749 0.693382 0.869335 0.608801 0.866771
15 0.365096 0.830700 0.449762 0.830281 0.450185 0.867904 0.365518 0.868325
3 0.218187 0.369015 0.300785 0.381413 0.288381 0.418119 0.205783 0.405720
13 0.208858 0.403256 0.290106 0.411604 0.281748 0.447711 0.200502 0.439362
10 0.614919 0.779045 0.699587 0.779045 0.699587 0.816691 0.614919 0.816691
16 0.644972 0.412838 0.729640 0.412838 0.729640 0.450483 0.644972 0.450483
2 0.735440 0.399816 0.817940 0.399816 0.817940 0.436483 0.735440 0.436483
12 0.735440 0.431845 0.817940 0.431845 0.817940 0.468511 0.735440 0.468511
8 0.717082 0.790311 0.799236 0.785276 0.804270 0.821789 0.722117 0.826823
