4 0.590191 0.345713 0.672070 0.345713 0.672070 0.382111 0.590191 0.382111
5 0.335643 0.349141 0.417523 0.349141 0.417523 0.385541 0.335643 0.385541
2 0.742299 0.406103 0.823949 0.402011 0.828040 0.438308 0.746390 0.442400
9 0.192171 0.809311 0.272400 0.798403 0.283306 0.834069 0.203076 0.844977
8 0.737755 0.796775 0.818045 0.807483 0.807339 0.843175 0.727049 0.832467
15 0.315618 0.857315 0.397498 0.857315 0.397498 0.893714 0.315618 0.893714
14 0.607800 0.860847 0.689680 0.860847 0.689680 0.897246 0.607800 0.897246
11 0.318034 0.817204 0.399913 0.817204 0.399913 0.853602 0.318034 0.853602
10 0.610528 0.818970 0.692407 0.818970 0.692407 0.855368 0.610528 0.855368
1 0.388874 0.349443 0.636994 0.349443 0.636994 0.459744 0.388874 0.459744
16 0.590370 0.379547 0.672250 0.379547 0.672250 0.415947 0.590370 0.415947
