4 0.636021 0.384169 0.727097 0.384169 0.727097 0.424628 0.636021 0.424628
5 0.275663 0.384169 0.366739 0.384169 0.366739 0.424629 0.275663 0.424629
2 0.836797 0.425426 0.921402 0.402958 0.943881 0.440544 0.859275 0.463011
12 0.863038 0.464014 0.948937 0.443841 0.969118 0.481999 0.883221 0.502174
3 0.084543 0.398999 0.168904 0.421872 0.146021 0.459348 0.061660 0.436475
9 0.130440 0.909309 0.215220 0.887136 0.237403 0.924800 0.152623 0.946971
8 0.825001 0.896034 0.911587 0.914856 0.892757 0.953320 0.806170 0.934499
11 0.261363 0.931128 0.352440 0.931128 0.352440 0.971587 0.261363 0.971587
10 0.670341 0.929222 0.761418 0.929222 0.761418 0.969682 0.670341 0.969682
1 0.354546 0.386410 0.630535 0.386410 0.630535 0.509015 0.354546 0.509015
13 0.061408 0.437230 0.145960 0.459786 0.123395 0.497348 0.038842 0.474793
