4 0.590188 0.345713 0.672069 0.345713 0.672069 0.382111 0.590188 0.382111
5 0.335638 0.349141 0.417519 0.349141 0.417519 0.385541 0.335638 0.385541
2 0.742299 0.406103 0.823949 0.402011 0.828040 0.438308 0.746390 0.442400
9 0.192165 0.809311 0.272395 0.798403 0.283300 0.834069 0.203070 0.844977
8 0.737754 0.796775 0.818044 0.807483 0.807338 0.843175 0.727048 0.832467
15 0.315613 0.857315 0.397493 0.857315 0.397493 0.893714 0.315613 0.893714
14 0.607798 0.860847 0.689679 0.860847 0.689679 0.897246 0.607798 0.897246
11 0.318029 0.817204 0.399909 0.817204 0.399909 0.853602 0.318029 0.853602
10 0.610526 0.818970 0.692406 0.818970 0.692406 0.855368 0.610526 0.855368
1 0.386221 0.347676 0.634343 0.347676 0.634343 0.457977 0.386221 0.457977
16 0.590368 0.379547 0.672249 0.379547 0.672249 0.415947 0.590368 0.415947
