4 0.636021 0.268613 0.727097 0.268613 0.727097 0.309072 0.636021 0.309072
5 0.275663 0.268613 0.366739 0.268613 0.366739 0.309073 0.275663 0.309073
2 0.828790 0.311649 0.913395 0.289181 0.935874 0.326767 0.851268 0.349234
12 0.852362 0.352017 0.938261 0.331844 0.958442 0.370002 0.872545 0.390177
3 0.095219 0.285222 0.179580 0.308095 0.156697 0.345571 0.072336 0.322698
9 0.130440 0.793753 0.215220 0.771580 0.237403 0.809244 0.152623 0.831415
8 0.825001 0.780478 0.911587 0.799300 0.892757 0.837764 0.806170 0.818943
11 0.261363 0.815572 0.352440 0.815572 0.352440 0.856031 0.261363 0.856031
10 0.670341 0.813666 0.761418 0.813666 0.761418 0.854126 0.670341 0.854126
1 0.367891 0.288648 0.643880 0.288648 0.643880 0.411253 0.367891 0.411253
13 0.069415 0.323453 0.153967 0.346009 0.131402 0.383571 0.046849 0.361016
16 0.636686 0.307392 0.719186 0.307392 0.719186 0.344058 0.636686 0.344058
