4 0.589662 0.346079 0.671440 0.346079 0.671440 0.382458 0.589662 0.382458
5 0.335430 0.349506 0.417208 0.349506 0.417208 0.385885 0.335430 0.385885
2 0.741582 0.406436 0.823130 0.402346 0.827216 0.438623 0.745668 0.442713
9 0.192136 0.809417 0.272266 0.798516 0.283158 0.834162 0.203028 0.845063
8 0.737043 0.796889 0.817233 0.807591 0.806541 0.843263 0.726351 0.832561
15 0.315430 0.857395 0.397208 0.857395 0.397208 0.893773 0.315430 0.893773
14 0.607250 0.860925 0.689028 0.860925 0.689028 0.897303 0.607250 0.897303
11 0.317843 0.817306 0.399621 0.817306 0.399621 0.853684 0.317843 0.853684
10 0.609974 0.819071 0.691752 0.819071 0.691752 0.855449 0.609974 0.855449
1 0.383304 0.351573 0.631116 0.351573 0.631116 0.461812 0.383304 0.461812
16 0.589842 0.379895 0.671620 0.379895 0.671620 0.416274 0.589842 0.416274
