4 0.636021 0.271947 0.727097 0.271947 0.727097 0.312406 0.636021 0.312406
5 0.275663 0.271947 0.366739 0.271947 0.366739 0.312407 0.275663 0.312407
2 0.828790 0.314983 0.913395 0.292515 0.935874 0.330101 0.851268 0.352568
12 0.852362 0.355351 0.938261 0.335178 0.958442 0.373336 0.872545 0.393511
3 0.095219 0.288556 0.179580 0.311429 0.156697 0.348905 0.072336 0.326032
9 0.130440 0.797087 0.215220 0.774914 0.237403 0.812578 0.152623 0.834749
8 0.825001 0.783812 0.911587 0.802634 0.892757 0.841098 0.806170 0.822277
11 0.261363 0.818906 0.352440 0.818906 0.352440 0.859365 0.261363 0.859365
10 0.670341 0.817000 0.761418 0.817000 0.761418 0.857460 0.670341 0.857460
1 0.367891 0.291982 0.643880 0.291982 0.643880 0.414587 0.367891 0.414587
13 0.069415 0.326787 0.153967 0.349343 0.131402 0.386905 0.046849 0.364350
16 0.636686 0.310726 0.719186 0.310726 0.719186 0.347392 0.636686 0.347392
