4 0.624438 0.305910 0.709198 0.305910 0.709198 0.343557 0.624438 0.343557
5 0.302227 0.307686 0.386987 0.307686 0.386987 0.345332 0.302227 0.345332
2 0.834231 0.315615 0.905108 0.284633 0.936086 0.316111 0.865208 0.347094
12 0.868879 0.350923 0.937494 0.317752 0.970657 0.348226 0.902041 0.381396
3 0.110382 0.284248 0.179828 0.316637 0.147436 0.347478 0.077989 0.315089
13 0.067640 0.318757 0.139872 0.348312 0.110309 0.380392 0.038077 0.350835
10 0.677673 0.767221 0.762433 0.767221 0.762433 0.804869 0.677673 0.804869
1 0.370626 0.329420 0.627475 0.329420 0.627475 0.443501 0.370626 0.443501
11 0.264905 0.763719 0.349661 0.763626 0.349738 0.801274 0.264982 0.801369
16 0.628543 0.342072 0.713304 0.342072 0.713304 0.379740 0.628543 0.379740
