8 0.827099 0.776994 0.913606 0.795804 0.894795 0.834249 0.808288 0.815439
9 0.118240 0.800245 0.200567 0.774410 0.226405 0.810996 0.144078 0.836832
11 0.251544 0.812892 0.338834 0.812892 0.338834 0.851684 0.251544 0.851684
10 0.666868 0.812068 0.757860 0.812068 0.757860 0.852507 0.666868 0.852507
2 0.836487 0.327676 0.920688 0.304682 0.943684 0.342102 0.859483 0.365097
12 0.859472 0.365617 0.944060 0.343262 0.966416 0.380853 0.881829 0.403209
3 0.090645 0.283737 0.174426 0.307402 0.150758 0.344636 0.066978 0.320970
13 0.067178 0.325446 0.153215 0.345194 0.133469 0.383429 0.047432 0.363683
4 0.635436 0.274919 0.726429 0.274919 0.726429 0.315358 0.635436 0.315358
5 0.286838 0.280635 0.377831 0.280635 0.377831 0.321072 0.286838 0.321072
1 0.362533 0.278604 0.638268 0.278604 0.638268 0.401145 0.362533 0.401145
16 0.637041 0.308975 0.728033 0.308975 0.728033 0.349413 0.637041 0.349413
