4 0.624438 0.467021 0.709198 0.467021 0.709198 0.504668 0.624438 0.504668
5 0.302227 0.468797 0.386987 0.468797 0.386987 0.506443 0.302227 0.506443
2 0.834462 0.480214 0.900191 0.444543 0.935855 0.473734 0.870125 0.509406
12 0.868879 0.512034 0.937494 0.478863 0.970657 0.509337 0.902041 0.542507
3 0.110382 0.445359 0.179828 0.477748 0.147436 0.508589 0.077989 0.476200
13 0.067640 0.479868 0.139872 0.509423 0.110309 0.541503 0.038077 0.511946
10 0.677673 0.928332 0.762433 0.928332 0.762433 0.965980 0.677673 0.965980
1 0.373295 0.465474 0.630144 0.465474 0.630144 0.579555 0.373295 0.579555
11 0.264905 0.924830 0.349661 0.924737 0.349738 0.962385 0.264982 0.962480
16 0.628543 0.503183 0.713304 0.503183 0.713304 0.540851 0.628543 0.540851
