4 0.537738 0.374044 0.620334 0.374044 0.620334 0.410773 0.537738 0.410773
5 0.286003 0.379238 0.368599 0.379238 0.368599 0.415967 0.286003 0.415967
2 0.731028 0.397788 0.812533 0.388868 0.821449 0.425113 0.739943 0.434033
12 0.743060 0.433897 0.823816 0.422335 0.835369 0.458246 0.754611 0.469808
3 0.156908 0.391722 0.238046 0.402021 0.227748 0.438102 0.146610 0.427806
13 0.151012 0.433755 0.232446 0.442944 0.223251 0.479159 0.141817 0.469970
14 0.528601 0.874879 0.611195 0.874686 0.611382 0.911416 0.528787 0.911608
1 0.321539 0.382712 0.571829 0.382712 0.571829 0.494013 0.321539 0.494013
11 0.278757 0.837835 0.361340 0.838605 0.360554 0.875332 0.277970 0.874563
15 0.272829 0.876660 0.355425 0.876660 0.355425 0.913410 0.272829 0.913410
8 0.637818 0.738434 0.703428 0.771920 0.669979 0.801113 0.604369 0.767627
6 0.490963 0.263910 0.522001 0.212825 0.573029 0.226634 0.541991 0.277719
7 0.331383 0.325547 0.306594 0.272964 0.359119 0.261934 0.383908 0.314518
16 0.544172 0.406842 0.626768 0.406842 0.626768 0.443592 0.544172 0.443592
