4 0.536904 0.374044 0.619500 0.374044 0.619500 0.410773 0.536904 0.410773
5 0.285168 0.379238 0.367764 0.379238 0.367764 0.415967 0.285168 0.415967
2 0.730194 0.397788 0.811700 0.388868 0.820615 0.425113 0.739110 0.434033
12 0.742226 0.433897 0.822983 0.422335 0.834535 0.458246 0.753778 0.469808
3 0.156072 0.391722 0.237211 0.402021 0.226913 0.438102 0.145774 0.427806
13 0.150177 0.433755 0.231611 0.442944 0.222416 0.479159 0.140982 0.469970
14 0.533111 0.874879 0.615705 0.874686 0.615892 0.911416 0.533296 0.911608
1 0.334065 0.380928 0.584356 0.380928 0.584356 0.492228 0.334065 0.492228
11 0.267233 0.848535 0.349817 0.849305 0.349030 0.886032 0.266447 0.885263
15 0.263978 0.889144 0.346574 0.889144 0.346574 0.925895 0.263978 0.925895
8 0.636984 0.738434 0.702594 0.771920 0.669145 0.801113 0.603535 0.767627
6 0.490128 0.263910 0.521166 0.212825 0.572195 0.226634 0.541157 0.277719
7 0.330548 0.325547 0.305759 0.272964 0.358284 0.261934 0.383073 0.314518
16 0.543338 0.403515 0.625934 0.403515 0.625934 0.440265 0.543338 0.440265
