4 0.537738 0.374044 0.620334 0.374044 0.620334 0.410773 0.537738 0.410773
5 0.286002 0.379238 0.368598 0.379238 0.368598 0.415967 0.286002 0.415967
2 0.731028 0.397788 0.812534 0.388868 0.821449 0.425113 0.739944 0.434033
12 0.743060 0.433897 0.823817 0.422335 0.835370 0.458246 0.754612 0.469808
3 0.156906 0.391722 0.238044 0.402021 0.227746 0.438102 0.146608 0.427806
13 0.151010 0.433755 0.232445 0.442944 0.223250 0.479159 0.141815 0.469970
14 0.528601 0.874879 0.611195 0.874686 0.611382 0.911416 0.528786 0.911608
1 0.326882 0.380928 0.577173 0.380928 0.577173 0.492228 0.326882 0.492228
11 0.278755 0.837835 0.361339 0.838605 0.360553 0.875332 0.277968 0.874563
15 0.272828 0.876660 0.355424 0.876660 0.355424 0.913410 0.272828 0.913410
8 0.637818 0.738434 0.703428 0.771920 0.669979 0.801113 0.604369 0.767627
6 0.490962 0.263910 0.522000 0.212825 0.573029 0.226634 0.541990 0.277719
7 0.331382 0.325547 0.306593 0.272964 0.359118 0.261934 0.383907 0.314518
16 0.544172 0.406842 0.626768 0.406842 0.626768 0.443592 0.544172 0.443592
