4 0.613580 0.376904 0.695609 0.376904 0.695609 0.413365 0.613580 0.413365
5 0.350693 0.375186 0.432722 0.375186 0.432722 0.411647 0.350693 0.411647
2 0.759471 0.424109 0.840597 0.416019 0.848687 0.452079 0.767560 0.460168
12 0.772527 0.465113 0.853748 0.457455 0.861405 0.493556 0.780184 0.501214
3 0.177582 0.405742 0.255969 0.421858 0.239856 0.456699 0.161468 0.440584
13 0.164098 0.440807 0.241157 0.459554 0.222412 0.493805 0.145352 0.475059
14 0.598597 0.908149 0.680615 0.909036 0.679729 0.945492 0.597709 0.944604
10 0.594055 0.881719 0.676037 0.879868 0.677889 0.916308 0.595906 0.918159
1 0.396209 0.377279 0.644782 0.377279 0.644782 0.487766 0.396209 0.487766
11 0.312874 0.859622 0.394866 0.861268 0.393223 0.897712 0.311230 0.896066
16 0.608706 0.409539 0.690735 0.409539 0.690735 0.446000 0.608706 0.446000
