4 0.614410 0.376904 0.696439 0.376904 0.696439 0.413365 0.614410 0.413365
5 0.351525 0.375186 0.433554 0.375186 0.433554 0.411647 0.351525 0.411647
2 0.760300 0.424109 0.841426 0.416019 0.849515 0.452079 0.768390 0.460168
12 0.773356 0.465113 0.854576 0.457455 0.862233 0.493556 0.781013 0.501214
3 0.178415 0.405742 0.256802 0.421858 0.240688 0.456699 0.162301 0.440584
13 0.164931 0.440807 0.241990 0.459554 0.223245 0.493805 0.146185 0.475059
14 0.591036 0.879533 0.672692 0.884738 0.667487 0.921033 0.585831 0.915829
10 0.598400 0.825866 0.680429 0.825866 0.680429 0.862327 0.598400 0.862327
1 0.399696 0.371969 0.648268 0.371969 0.648268 0.482455 0.399696 0.482455
11 0.323268 0.833335 0.401317 0.850161 0.384493 0.884853 0.306442 0.868027
16 0.614489 0.409539 0.696518 0.409539 0.696518 0.446000 0.614489 0.446000
