4 0.632788 0.280750 0.716615 0.280750 0.716615 0.317959 0.632788 0.317959
5 0.285168 0.284258 0.368995 0.284258 0.368995 0.321468 0.285168 0.321468
2 0.835021 0.314226 0.903625 0.282142 0.935728 0.312594 0.867123 0.344679
12 0.866642 0.349791 0.934501 0.317005 0.967299 0.347125 0.899438 0.379910
3 0.087898 0.279494 0.158847 0.309230 0.129088 0.340721 0.058137 0.310987
13 0.057193 0.308633 0.130230 0.342095 0.096744 0.374510 0.023707 0.341048
1 0.381618 0.282568 0.635640 0.282568 0.635640 0.395326 0.381618 0.395326
11 0.245625 0.782350 0.329447 0.782257 0.329523 0.819469 0.245700 0.819562
10 0.671915 0.780540 0.755742 0.780540 0.755742 0.817771 0.671915 0.817771
16 0.633393 0.316629 0.717220 0.316629 0.717220 0.353859 0.633393 0.353859
