4 0.588836 0.346079 0.670614 0.346079 0.670614 0.382458 0.588836 0.382458
5 0.334604 0.349506 0.416382 0.349506 0.416382 0.385885 0.334604 0.385885
2 0.740756 0.406436 0.822304 0.402346 0.826390 0.438623 0.744842 0.442713
9 0.191310 0.809417 0.271440 0.798516 0.282332 0.834162 0.202202 0.845063
8 0.736217 0.796889 0.816407 0.807591 0.805715 0.843263 0.725525 0.832561
15 0.314604 0.857395 0.396382 0.857395 0.396382 0.893773 0.314604 0.893773
14 0.606424 0.860925 0.688202 0.860925 0.688202 0.897303 0.606424 0.897303
11 0.317017 0.817306 0.398795 0.817306 0.398795 0.853684 0.317017 0.853684
10 0.609148 0.819071 0.690926 0.819071 0.690926 0.855449 0.609148 0.855449
1 0.379832 0.346277 0.627645 0.346277 0.627645 0.456516 0.379832 0.456516
16 0.591484 0.381542 0.673262 0.381542 0.673262 0.417921 0.591484 0.417921
