4 0.613864 0.377254 0.695800 0.377254 0.695800 0.413694 0.613864 0.413694
5 0.351277 0.375537 0.433213 0.375537 0.433213 0.411977 0.351277 0.411977
2 0.759588 0.424432 0.840622 0.416347 0.848702 0.452386 0.767669 0.460472
12 0.772629 0.465414 0.853758 0.457760 0.861406 0.493841 0.780278 0.501495
3 0.178363 0.406075 0.256661 0.422182 0.240566 0.457004 0.162267 0.440898
13 0.164894 0.441121 0.241866 0.459857 0.223142 0.494089 0.146170 0.475353
14 0.579907 0.909680 0.661470 0.914881 0.656272 0.951156 0.574708 0.945955
10 0.590680 0.870711 0.672071 0.877003 0.665783 0.913202 0.584392 0.906911
1 0.399394 0.377629 0.647683 0.377629 0.647683 0.488054 0.399394 0.488054
11 0.323051 0.833428 0.401012 0.850245 0.384207 0.884918 0.306245 0.868101
16 0.608996 0.409871 0.690931 0.409871 0.690931 0.446311 0.608996 0.446311
