4 0.614410 0.376904 0.696439 0.376904 0.696439 0.413365 0.614410 0.413365
5 0.351525 0.375186 0.433554 0.375186 0.433554 0.411647 0.351525 0.411647
2 0.760300 0.424109 0.841426 0.416019 0.849515 0.452079 0.768390 0.460168
12 0.773356 0.465113 0.854576 0.457455 0.862233 0.493556 0.781013 0.501214
3 0.178415 0.405742 0.256802 0.421858 0.240688 0.456699 0.162301 0.440584
13 0.164931 0.440807 0.241990 0.459554 0.223245 0.493805 0.146185 0.475059
14 0.580415 0.909629 0.662071 0.914834 0.656866 0.951129 0.575210 0.945924
10 0.591200 0.870639 0.672684 0.876934 0.666389 0.913153 0.584905 0.906858
1 0.391730 0.377279 0.640302 0.377279 0.640302 0.487766 0.391730 0.487766
11 0.323268 0.833335 0.401317 0.850161 0.384493 0.884853 0.306442 0.868027
16 0.609536 0.409539 0.691565 0.409539 0.691565 0.446000 0.609536 0.446000
