4 0.617158 0.312008 0.712717 0.312008 0.712717 0.354453 0.617158 0.354453
5 0.257728 0.308230 0.353288 0.308230 0.353288 0.350673 0.257728 0.350673
7 0.410592 0.139989 0.458335 0.195140 0.403150 0.216346 0.355406 0.161196
6 0.535085 0.198634 0.584038 0.143956 0.638751 0.165699 0.589797 0.220377
2 0.848473 0.316257 0.941782 0.302521 0.955526 0.343966 0.862217 0.357702
12 0.859562 0.363921 0.951806 0.347295 0.968442 0.388267 0.876199 0.404893
3 0.060319 0.303120 0.152369 0.320217 0.135261 0.361101 0.043211 0.344005
13 0.044368 0.345979 0.135132 0.365895 0.115204 0.406210 0.024440 0.386294
9 0.041008 0.804706 0.136568 0.804706 0.136568 0.847149 0.041008 0.847149
8 0.860221 0.802707 0.955781 0.802707 0.955781 0.845150 0.860221 0.845150
16 0.614158 0.404854 0.709717 0.404854 0.709717 0.447298 0.614158 0.447298
11 0.245061 0.826697 0.340621 0.826697 0.340621 0.869142 0.245061 0.869142
10 0.671171 0.826697 0.766731 0.826697 0.766731 0.869142 0.671171 0.869142
1 0.342832 0.300761 0.632408 0.300761 0.632408 0.429380 0.342832 0.429380
