4 0.617527 0.305429 0.712994 0.305429 0.712994 0.347837 0.617527 0.347837
5 0.263777 0.303432 0.359244 0.303432 0.359244 0.345838 0.263777 0.345838
7 0.411160 0.140671 0.458857 0.195774 0.403725 0.216961 0.356027 0.161859
6 0.535533 0.199265 0.584439 0.144635 0.639099 0.166358 0.590193 0.220989
2 0.848619 0.316785 0.941838 0.303062 0.955569 0.344470 0.862350 0.358194
12 0.859698 0.364408 0.951852 0.347796 0.968473 0.388733 0.876318 0.405345
3 0.061225 0.303660 0.153187 0.320742 0.136095 0.361591 0.044134 0.344509
13 0.045290 0.346481 0.135966 0.366380 0.116057 0.406660 0.025381 0.386761
9 0.041933 0.804808 0.137401 0.804808 0.137401 0.847215 0.041933 0.847215
8 0.860356 0.802811 0.955824 0.802811 0.955824 0.845217 0.860356 0.845217
16 0.614530 0.405305 0.709997 0.405305 0.709997 0.447712 0.614530 0.447712
11 0.245789 0.826781 0.341257 0.826781 0.341257 0.869188 0.245789 0.869188
10 0.671489 0.826781 0.766956 0.826781 0.766956 0.869188 0.671489 0.869188
1 0.332371 0.318818 0.621667 0.318818 0.621667 0.447325 0.332371 0.447325
