4 0.585032 0.353137 0.671869 0.353137 0.671869 0.391741 0.585032 0.391741
5 0.316415 0.354188 0.398522 0.354188 0.398522 0.390690 0.316415 0.390690
2 0.756153 0.375889 0.837274 0.367432 0.845727 0.403496 0.764606 0.411952
3 0.160254 0.399540 0.242297 0.401709 0.240128 0.438182 0.158085 0.436013
13 0.160861 0.434809 0.239609 0.439877 0.234545 0.474885 0.155796 0.469819
9 0.192254 0.797747 0.273771 0.791197 0.280320 0.827436 0.198803 0.833986
8 0.739222 0.680028 0.818967 0.693065 0.805934 0.728517 0.726189 0.715481
16 0.594874 0.426401 0.676980 0.426401 0.676980 0.462903 0.594874 0.462903
11 0.319899 0.702929 0.401394 0.709600 0.394725 0.745829 0.313231 0.739159
10 0.608985 0.705934 0.690959 0.702821 0.694068 0.739264 0.612093 0.742377
1 0.377529 0.350897 0.626337 0.350897 0.626337 0.461508 0.377529 0.461508
15 0.315081 0.737716 0.397132 0.739738 0.395113 0.776214 0.313061 0.774192
14 0.611811 0.734429 0.693859 0.732349 0.695934 0.768824 0.613885 0.770905
7 0.405731 0.235616 0.446182 0.283262 0.398548 0.301246 0.358097 0.253600
6 0.542141 0.269387 0.572550 0.218529 0.623396 0.232048 0.592987 0.282906
12 0.758820 0.410781 0.840576 0.403416 0.847942 0.439752 0.766185 0.447118
