4 0.617158 0.382539 0.712717 0.382539 0.712717 0.424993 0.617158 0.424993
5 0.263066 0.380540 0.358626 0.380540 0.358626 0.422992 0.263066 0.422992
7 0.410592 0.217603 0.458335 0.272766 0.403150 0.293976 0.355406 0.238814
6 0.535085 0.276260 0.584038 0.221571 0.638751 0.243318 0.589797 0.298008
2 0.848473 0.393908 0.941782 0.380169 0.955526 0.421623 0.862217 0.435361
12 0.859562 0.441582 0.951806 0.424953 0.968442 0.465933 0.876199 0.482563
3 0.060319 0.380768 0.152369 0.397869 0.135261 0.438762 0.043211 0.421662
13 0.044368 0.423636 0.135132 0.443556 0.115204 0.483879 0.024440 0.463959
9 0.041008 0.882459 0.136568 0.882459 0.136568 0.924912 0.041008 0.924912
8 0.860221 0.880460 0.955781 0.880460 0.955781 0.922912 0.860221 0.922912
16 0.614158 0.482524 0.709717 0.482524 0.709717 0.524976 0.614158 0.524976
11 0.245061 0.904455 0.340621 0.904455 0.340621 0.946909 0.245061 0.946909
10 0.671171 0.904455 0.766731 0.904455 0.766731 0.946909 0.671171 0.946909
1 0.345924 0.384589 0.635499 0.384589 0.635499 0.513235 0.345924 0.513235
