9 0.221028 0.660972 0.273102 0.602758 0.331266 0.625923 0.279192 0.684137
8 0.797827 0.821682 0.888345 0.839462 0.870581 0.879728 0.780063 0.861947
11 0.344386 0.798299 0.442269 0.807401 0.433175 0.850941 0.335292 0.841841
10 0.659200 0.804104 0.749278 0.808368 0.745018 0.848439 0.654939 0.844173
14 0.657262 0.847507 0.738505 0.854060 0.731957 0.890199 0.650715 0.883646
3 0.196663 0.355755 0.268556 0.389805 0.234544 0.421780 0.162651 0.387730
13 0.164511 0.393115 0.234098 0.423721 0.203519 0.454676 0.133932 0.424069
2 0.745995 0.451516 0.841520 0.444702 0.848340 0.487195 0.752814 0.494008
12 0.750938 0.487209 0.852260 0.480064 0.859411 0.525134 0.758089 0.532280
5 0.402406 0.347881 0.492606 0.347881 0.492606 0.388004 0.402406 0.388004
4 0.637456 0.346082 0.732005 0.347243 0.730864 0.389298 0.636316 0.388137
1 0.438979 0.402793 0.676599 0.402793 0.676599 0.508494 0.438979 0.508494
15 0.335934 0.846665 0.434959 0.852330 0.429299 0.896379 0.330275 0.890715
16 0.637235 0.397349 0.722417 0.395403 0.724380 0.433293 0.639198 0.435238
