9 0.139089 0.782035 0.235257 0.802216 0.215068 0.844980 0.118899 0.824799
8 0.737528 0.838117 0.820403 0.867182 0.791356 0.904033 0.708481 0.874968
11 0.299884 0.794022 0.385235 0.795953 0.383317 0.833903 0.297965 0.831974
10 0.591205 0.808208 0.680794 0.806987 0.682015 0.846824 0.592426 0.848046
15 0.290901 0.833955 0.381563 0.834353 0.381176 0.874665 0.290515 0.874268
14 0.596040 0.855394 0.677238 0.855926 0.676707 0.892032 0.595508 0.891500
3 0.247976 0.408357 0.331591 0.425498 0.314458 0.462679 0.230843 0.445538
13 0.235298 0.445494 0.315211 0.459696 0.301017 0.495231 0.221102 0.481028
2 0.786994 0.408873 0.881853 0.402560 0.888162 0.444740 0.793304 0.451053
5 0.378291 0.330705 0.467299 0.336982 0.461019 0.376561 0.372011 0.370284
4 0.603159 0.326163 0.695712 0.336464 0.685418 0.377620 0.592866 0.367319
1 0.391605 0.382301 0.626727 0.394098 0.614935 0.498649 0.379814 0.486852
16 0.577351 0.385103 0.682516 0.396263 0.671366 0.443025 0.566202 0.431865
12 0.791836 0.452077 0.890191 0.447271 0.894997 0.490984 0.796642 0.495790
