4 0.610034 0.365994 0.691685 0.365994 0.691685 0.402313 0.610034 0.402313
5 0.325430 0.369415 0.407081 0.369415 0.407081 0.405734 0.325430 0.405734
6 0.512109 0.278244 0.582124 0.250216 0.610129 0.281358 0.540115 0.309387
7 0.416730 0.250236 0.493067 0.278833 0.464492 0.312787 0.388156 0.284191
14 0.646007 0.892520 0.727657 0.892520 0.727657 0.928837 0.646007 0.928837
15 0.315174 0.890809 0.396825 0.890809 0.396825 0.927127 0.315174 0.927127
10 0.637928 0.848819 0.719578 0.848819 0.719578 0.885136 0.637928 0.885136
11 0.310434 0.847004 0.392085 0.847004 0.392085 0.883323 0.310434 0.883323
9 0.163899 0.682471 0.245549 0.682471 0.245549 0.718789 0.163899 0.718789
8 0.762560 0.671739 0.843127 0.662893 0.851966 0.698729 0.771399 0.707575
2 0.748367 0.416533 0.829657 0.411415 0.834771 0.447572 0.753481 0.452690
12 0.758478 0.454546 0.839660 0.448720 0.845481 0.484829 0.764300 0.490656
3 0.156288 0.402726 0.235526 0.415870 0.222391 0.451115 0.143154 0.437970
1 0.380766 0.371273 0.628191 0.371273 0.628191 0.481327 0.380766 0.481327
16 0.616803 0.403950 0.698453 0.403950 0.698453 0.440268 0.616803 0.440268
