4 0.610034 0.365994 0.691685 0.365994 0.691685 0.402313 0.610034 0.402313
5 0.325430 0.369415 0.407081 0.369415 0.407081 0.405734 0.325430 0.405734
6 0.512109 0.278244 0.582124 0.250216 0.610129 0.281358 0.540115 0.309387
7 0.416730 0.250236 0.493067 0.278833 0.464492 0.312787 0.388156 0.284191
14 0.646007 0.876506 0.727657 0.876506 0.727657 0.912823 0.646007 0.912823
15 0.320512 0.880133 0.402163 0.880133 0.402163 0.916451 0.320512 0.916451
10 0.643266 0.841702 0.724916 0.841702 0.724916 0.878019 0.643266 0.878019
11 0.318441 0.847004 0.400092 0.847004 0.400092 0.883323 0.318441 0.883323
9 0.163899 0.682471 0.245549 0.682471 0.245549 0.718789 0.163899 0.718789
8 0.759313 0.670788 0.840768 0.667008 0.844537 0.703239 0.763082 0.707018
2 0.748367 0.416533 0.829657 0.411415 0.834771 0.447572 0.753481 0.452690
12 0.758478 0.454546 0.839660 0.448720 0.845481 0.484829 0.764300 0.490656
3 0.160964 0.404953 0.241729 0.412966 0.233729 0.448888 0.152965 0.440874
1 0.388690 0.385491 0.636116 0.385491 0.636116 0.495545 0.388690 0.495545
16 0.611875 0.417100 0.693525 0.417100 0.693525 0.453418 0.611875 0.453418
13 0.146078 0.443254 0.228109 0.449113 0.222249 0.485571 0.140219 0.479712
