7 0.404594 0.270089 0.469004 0.294346 0.444749 0.322973 0.380340 0.298719
10 0.616755 0.885932 0.713338 0.886291 0.712979 0.929218 0.616397 0.928859
11 0.264066 0.885786 0.370054 0.885937 0.369899 0.933046 0.263912 0.932894
1 0.312027 0.416214 0.684953 0.415110 0.686058 0.580865 0.313132 0.581969
9 0.086728 0.939419 0.179374 0.919224 0.199574 0.960392 0.106928 0.980588
8 0.784296 0.905478 0.879485 0.929950 0.855008 0.972249 0.759818 0.947776
4 0.622710 0.402882 0.723904 0.402882 0.723904 0.447849 0.622710 0.447849
5 0.277090 0.403902 0.373694 0.403902 0.373694 0.446830 0.277090 0.446830
2 0.800567 0.426365 0.895701 0.400497 0.921574 0.442772 0.826439 0.468640
12 0.834779 0.472173 0.924882 0.448950 0.948108 0.488989 0.858006 0.512211
3 0.081342 0.403422 0.168002 0.427207 0.144213 0.465715 0.057553 0.441931
13 0.061174 0.442864 0.151722 0.463336 0.131247 0.503573 0.040699 0.483101
16 0.622755 0.447870 0.726960 0.447870 0.726960 0.494175 0.622755 0.494175
