4 0.629602 0.274504 0.743314 0.277799 0.740020 0.328306 0.626307 0.325011
5 0.277415 0.267136 0.390953 0.267136 0.390953 0.317567 0.277415 0.317567
1 0.334111 0.304413 0.701220 0.303327 0.702308 0.466385 0.335199 0.467471
10 0.657815 0.796377 0.744353 0.796377 0.744353 0.834814 0.657815 0.834814
11 0.255641 0.783704 0.342179 0.783704 0.342179 0.822141 0.255641 0.822141
9 0.060581 0.851352 0.145404 0.839931 0.156834 0.877607 0.072010 0.889028
8 0.852826 0.856782 0.939336 0.855474 0.940623 0.893905 0.854113 0.895212
2 0.870285 0.373436 0.955074 0.361904 0.966614 0.399564 0.881826 0.411097
12 0.884260 0.412651 0.969365 0.402209 0.979821 0.440011 0.894714 0.450453
3 0.043273 0.337695 0.128764 0.346637 0.119816 0.384610 0.034324 0.375668
13 0.038259 0.377223 0.123584 0.386847 0.113960 0.424745 0.028634 0.415121
7 0.544642 0.143711 0.626829 0.125647 0.644894 0.162171 0.562707 0.180236
16 0.631813 0.324568 0.737369 0.327834 0.734101 0.374744 0.628546 0.371478
