4 0.588661 0.345542 0.696238 0.346163 0.695616 0.393982 0.588039 0.393361
5 0.287871 0.345910 0.395186 0.345910 0.395186 0.393613 0.287871 0.393613
1 0.306261 0.351386 0.653246 0.350358 0.654274 0.504596 0.307289 0.505624
10 0.634655 0.836760 0.715541 0.836760 0.715541 0.872714 0.634655 0.872714
11 0.282467 0.839827 0.364261 0.839827 0.364261 0.876186 0.282467 0.876186
14 0.634511 0.878440 0.716306 0.878440 0.716306 0.914799 0.634511 0.914799
15 0.285269 0.878129 0.367064 0.878129 0.367064 0.914488 0.285269 0.914488
9 0.139409 0.821460 0.219583 0.810657 0.230386 0.846295 0.150212 0.857098
8 0.788900 0.771907 0.868214 0.785238 0.854885 0.820494 0.775571 0.807163
2 0.758388 0.400221 0.838530 0.389311 0.849437 0.424935 0.769296 0.435844
12 0.767710 0.437876 0.846828 0.424039 0.860663 0.459208 0.781545 0.473045
3 0.132482 0.399450 0.213530 0.406803 0.206178 0.442830 0.125130 0.435477
13 0.122943 0.438187 0.203664 0.446993 0.194859 0.482874 0.114137 0.474068
16 0.593572 0.396699 0.675367 0.396699 0.675367 0.433058 0.593572 0.433058
