4 0.588663 0.345175 0.696241 0.345796 0.695620 0.393642 0.588041 0.393021
5 0.287867 0.345543 0.395184 0.345543 0.395184 0.393273 0.287867 0.393273
1 0.306257 0.351022 0.653249 0.349994 0.654277 0.504319 0.307285 0.505347
10 0.634657 0.836669 0.715545 0.836669 0.715545 0.872642 0.634657 0.872642
11 0.282463 0.839738 0.364259 0.839738 0.364259 0.876117 0.282463 0.876117
14 0.634513 0.878372 0.716310 0.878372 0.716310 0.914751 0.634513 0.914751
15 0.285266 0.878060 0.367062 0.878060 0.367062 0.914440 0.285266 0.914440
9 0.139402 0.821360 0.219578 0.810550 0.230381 0.846208 0.150205 0.857018
8 0.788905 0.771779 0.868221 0.785118 0.854892 0.820394 0.775576 0.807055
2 0.758393 0.399885 0.838536 0.388969 0.849443 0.424613 0.769301 0.435528
12 0.767715 0.437561 0.846835 0.423716 0.860670 0.458905 0.781550 0.472749
3 0.132475 0.399114 0.213525 0.406471 0.206173 0.442517 0.125123 0.435161
13 0.122936 0.437872 0.203659 0.446683 0.194853 0.482585 0.114130 0.473773
16 0.600978 0.391422 0.682774 0.391422 0.682774 0.427800 0.600978 0.427800
