4 0.588852 0.344072 0.696661 0.344695 0.696038 0.392621 0.588229 0.391999
5 0.287414 0.344441 0.394960 0.344441 0.394960 0.392251 0.287414 0.392251
1 0.305843 0.349929 0.653577 0.348899 0.654607 0.503484 0.306873 0.504513
10 0.634945 0.836394 0.716006 0.836394 0.716006 0.872428 0.634945 0.872428
11 0.281998 0.839468 0.363969 0.839468 0.363969 0.875908 0.281998 0.875908
14 0.634801 0.878167 0.716772 0.878167 0.716772 0.914608 0.634801 0.914608
15 0.284807 0.877855 0.366778 0.877855 0.366778 0.914296 0.284807 0.914296
9 0.138632 0.821059 0.218978 0.810231 0.229805 0.845949 0.149458 0.856777
8 0.789522 0.771395 0.869008 0.784756 0.855650 0.820091 0.776165 0.806730
2 0.758945 0.398874 0.839260 0.387940 0.850190 0.423644 0.769876 0.434577
12 0.768287 0.436613 0.847576 0.422745 0.861440 0.457993 0.782152 0.471861
3 0.131690 0.398102 0.212913 0.405471 0.205545 0.441578 0.124322 0.434209
13 0.122130 0.436925 0.203025 0.445750 0.194201 0.481713 0.113305 0.472887
16 0.591299 0.388747 0.673270 0.388747 0.673270 0.425187 0.591299 0.425187
