4 0.610665 0.299863 0.726374 0.300531 0.725706 0.351959 0.609996 0.351291
5 0.259501 0.300259 0.374928 0.300259 0.374928 0.351562 0.259501 0.351562
1 0.303734 0.312900 0.676952 0.311796 0.678058 0.477674 0.304840 0.478779
10 0.635194 0.801819 0.723173 0.801819 0.723173 0.840921 0.635194 0.840921
11 0.251177 0.796293 0.339156 0.796293 0.339156 0.835396 0.251177 0.835396
9 0.102583 0.843010 0.188818 0.831391 0.200437 0.869719 0.114202 0.881339
8 0.791746 0.811284 0.874269 0.831615 0.853938 0.868294 0.771414 0.847961
2 0.818091 0.329198 0.904290 0.317465 0.916023 0.355777 0.829822 0.367509
12 0.839170 0.375221 0.924269 0.360340 0.939150 0.398163 0.854051 0.413044
3 0.090050 0.309034 0.170457 0.332834 0.146648 0.368573 0.066242 0.344772
13 0.067824 0.344081 0.148327 0.367735 0.124664 0.403516 0.044160 0.379862
7 0.411478 0.178881 0.479678 0.203194 0.455359 0.233499 0.387158 0.209185
16 0.615874 0.351435 0.726302 0.353460 0.724275 0.402529 0.613847 0.400504
