4 0.602245 0.379422 0.686134 0.379422 0.686134 0.416700 0.602245 0.416700
5 0.294205 0.381177 0.378094 0.381177 0.378094 0.418454 0.294205 0.418454
9 0.130970 0.828682 0.214858 0.828682 0.214858 0.865960 0.130970 0.865960
8 0.789528 0.809985 0.872090 0.819891 0.862182 0.856579 0.779620 0.846673
14 0.633681 0.892496 0.717569 0.892496 0.717569 0.929774 0.633681 0.929774
15 0.275855 0.899622 0.359744 0.899622 0.359744 0.936900 0.275855 0.936900
10 0.631126 0.853142 0.715015 0.853142 0.715015 0.890420 0.631126 0.890420
11 0.275775 0.856758 0.359664 0.856758 0.359664 0.894036 0.275775 0.894036
2 0.750834 0.430135 0.834595 0.427043 0.837687 0.464263 0.753926 0.467354
12 0.762848 0.468923 0.846737 0.468923 0.846737 0.506201 0.762848 0.506201
3 0.154666 0.432069 0.238555 0.432069 0.238555 0.469347 0.154666 0.469347
13 0.151449 0.474513 0.241771 0.474513 0.241771 0.514650 0.151449 0.514650
1 0.351218 0.417041 0.605427 0.417041 0.605427 0.530004 0.351218 0.530004
16 0.609504 0.415506 0.693393 0.415506 0.693393 0.452783 0.609504 0.452783
