4 0.618237 0.298053 0.704250 0.298053 0.704250 0.336259 0.618237 0.336259
5 0.291603 0.296255 0.377615 0.296255 0.377615 0.334461 0.291603 0.334461
9 0.116423 0.849008 0.224914 0.823481 0.250455 0.871672 0.141964 0.897198
8 0.838107 0.845223 0.934361 0.857883 0.921692 0.900638 0.825439 0.887978
10 0.661429 0.826847 0.747441 0.826847 0.747441 0.865053 0.661429 0.865053
11 0.278105 0.828647 0.364117 0.828647 0.364117 0.866853 0.278105 0.866853
2 0.814288 0.317851 0.896698 0.301440 0.913118 0.338045 0.830708 0.354455
12 0.830809 0.351582 0.913623 0.336106 0.929114 0.372893 0.846300 0.388370
3 0.099380 0.305332 0.179821 0.325622 0.159520 0.361354 0.079079 0.341064
13 0.078789 0.342467 0.164950 0.365086 0.142318 0.403360 0.056157 0.380739
1 0.374354 0.312791 0.634997 0.312791 0.634997 0.428567 0.374354 0.428567
6 0.542599 0.214905 0.618041 0.166462 0.666512 0.199974 0.591069 0.248417
16 0.622664 0.334702 0.708676 0.334702 0.708676 0.372908 0.622664 0.372908
