4 0.589060 0.358467 0.672590 0.358467 0.672590 0.395637 0.589060 0.395637
5 0.284961 0.358467 0.368491 0.358467 0.368491 0.395637 0.284961 0.395637
9 0.129692 0.812641 0.210296 0.798020 0.224915 0.833887 0.144311 0.848508
8 0.717805 0.611434 0.770488 0.654678 0.727256 0.678125 0.674573 0.634882
14 0.607084 0.856272 0.690614 0.856272 0.690614 0.893442 0.607084 0.893442
15 0.269234 0.856166 0.352764 0.856166 0.352764 0.893336 0.269234 0.893336
10 0.601999 0.816502 0.685529 0.816502 0.685529 0.853672 0.601999 0.853672
11 0.269390 0.816661 0.352921 0.816661 0.352921 0.853831 0.269390 0.853831
2 0.734194 0.398621 0.812899 0.379955 0.831560 0.414978 0.752856 0.433644
12 0.754563 0.447456 0.834333 0.428638 0.853149 0.464135 0.773379 0.482953
3 0.143395 0.419712 0.226925 0.419712 0.226925 0.456882 0.143395 0.456882
13 0.140191 0.460283 0.230127 0.460283 0.230127 0.500304 0.140191 0.500304
1 0.357468 0.360663 0.610589 0.360663 0.610589 0.473300 0.357468 0.473300
6 0.481343 0.292372 0.549339 0.260006 0.581684 0.290246 0.513688 0.322613
7 0.373191 0.265601 0.447596 0.290926 0.422288 0.324017 0.347882 0.298692
16 0.594237 0.391983 0.677768 0.391983 0.677768 0.429133 0.594237 0.429133
