4 0.618567 0.378863 0.704504 0.378863 0.704504 0.417041 0.618567 0.417041
5 0.270641 0.377066 0.356578 0.377066 0.356578 0.415244 0.270641 0.415244
9 0.123577 0.921247 0.230698 0.901849 0.250127 0.949436 0.143006 0.968834
8 0.834417 0.918880 0.941435 0.929394 0.930882 0.976965 0.823864 0.966451
10 0.680594 0.892888 0.766531 0.892888 0.766531 0.931065 0.680594 0.931065
11 0.292216 0.892888 0.378153 0.892888 0.378153 0.931065 0.292216 0.931065
2 0.821827 0.402134 0.902800 0.382961 0.921999 0.418934 0.841026 0.438105
12 0.842782 0.443305 0.924852 0.423977 0.944210 0.460436 0.862141 0.479765
3 0.104831 0.370864 0.183710 0.393593 0.160971 0.428634 0.082092 0.405905
13 0.080499 0.407328 0.163719 0.434281 0.136754 0.471251 0.053534 0.444298
1 0.361175 0.389888 0.621592 0.389888 0.621592 0.505578 0.361175 0.505578
6 0.535086 0.287775 0.615507 0.249559 0.653763 0.285265 0.573342 0.323483
16 0.617808 0.413548 0.703746 0.413548 0.703746 0.451726 0.617808 0.451726
