4 0.604087 0.353492 0.685422 0.353492 0.685422 0.389649 0.604087 0.389649
5 0.323139 0.358601 0.404474 0.358601 0.404474 0.394758 0.323139 0.394758
10 0.658418 0.833958 0.739752 0.833958 0.739752 0.870115 0.658418 0.870115
11 0.315709 0.837210 0.397043 0.837210 0.397043 0.873366 0.315709 0.873366
15 0.315632 0.878602 0.396966 0.878602 0.396966 0.914758 0.315632 0.914758
14 0.665386 0.877208 0.746720 0.877208 0.746720 0.913364 0.665386 0.913364
3 0.153851 0.375731 0.229938 0.394897 0.210775 0.428720 0.134688 0.409554
13 0.133596 0.411410 0.209553 0.430803 0.190165 0.464569 0.114208 0.445176
2 0.755682 0.394433 0.836850 0.390966 0.840316 0.427049 0.759148 0.430516
12 0.762667 0.437818 0.843654 0.432815 0.848657 0.468817 0.767669 0.473820
1 0.376015 0.361587 0.622484 0.361587 0.622484 0.471151 0.376015 0.471151
8 0.778015 0.644123 0.857466 0.632521 0.869065 0.667841 0.789614 0.679442
9 0.132173 0.584453 0.188656 0.554323 0.222546 0.584453 0.166063 0.614584
16 0.608576 0.388605 0.689910 0.388605 0.689910 0.424761 0.608576 0.424761
