4 0.643945 0.319798 0.735190 0.319798 0.735190 0.360341 0.643945 0.360341
5 0.271462 0.321707 0.362706 0.321707 0.362706 0.362251 0.271462 0.362251
8 0.861706 0.936639 0.952950 0.936639 0.952950 0.977182 0.861706 0.977182
9 0.025050 0.932819 0.116294 0.932819 0.116294 0.973362 0.025050 0.973362
11 0.231348 0.837333 0.322592 0.837333 0.322592 0.877876 0.231348 0.877876
10 0.661137 0.839243 0.752381 0.839243 0.752381 0.879786 0.661137 0.879786
7 0.386064 0.184775 0.468599 0.221884 0.431481 0.258559 0.348945 0.221448
6 0.525815 0.220752 0.609673 0.177681 0.652754 0.214943 0.568895 0.258014
3 0.072904 0.369861 0.175344 0.390802 0.154397 0.436319 0.051958 0.415379
13 0.052443 0.420774 0.156343 0.442366 0.134745 0.488533 0.030845 0.466940
2 0.831361 0.397527 0.937638 0.369069 0.966103 0.416292 0.859826 0.444751
12 0.863530 0.447336 0.964723 0.420826 0.991240 0.465789 0.890047 0.492300
1 0.359346 0.323722 0.635844 0.323722 0.635844 0.446581 0.359346 0.446581
16 0.645220 0.363607 0.736464 0.363607 0.736464 0.404150 0.645220 0.404150
