4 0.581518 0.361708 0.663774 0.361708 0.663774 0.398272 0.581518 0.398272
5 0.287059 0.363429 0.369314 0.363429 0.369314 0.399993 0.287059 0.399993
8 0.741739 0.591593 0.786984 0.637394 0.741190 0.657506 0.695944 0.611705
9 0.095360 0.807945 0.176953 0.801002 0.183897 0.837271 0.102303 0.844213
10 0.599522 0.825095 0.681777 0.825095 0.681777 0.861658 0.599522 0.861658
7 0.356137 0.243827 0.414145 0.269918 0.388057 0.295705 0.330049 0.269612
3 0.095828 0.390628 0.190626 0.402992 0.178263 0.445130 0.083467 0.432766
2 0.746614 0.407806 0.834494 0.371666 0.870628 0.410730 0.782748 0.446870
12 0.788487 0.447780 0.871533 0.413064 0.906244 0.449978 0.823200 0.484696
1 0.350865 0.363630 0.600123 0.363630 0.600123 0.474428 0.350865 0.474428
14 0.601949 0.865699 0.684204 0.865699 0.684204 0.902263 0.601949 0.902263
15 0.256375 0.867422 0.338630 0.867422 0.338630 0.903985 0.256375 0.903985
11 0.254325 0.829125 0.336580 0.829125 0.336580 0.865687 0.254325 0.865687
16 0.582104 0.398265 0.664359 0.398265 0.664359 0.434829 0.582104 0.434829
13 0.085667 0.433044 0.186641 0.443786 0.175899 0.488664 0.074925 0.477922
