4 0.632066 0.308073 0.728183 0.308073 0.728183 0.350773 0.632066 0.350773
5 0.251766 0.308072 0.347883 0.308072 0.347883 0.350772 0.251766 0.350772
8 0.861208 0.933054 0.957003 0.938274 0.951781 0.980830 0.855985 0.975611
9 0.007737 0.938412 0.103501 0.932928 0.108990 0.975471 0.013225 0.980954
11 0.227619 0.816927 0.323736 0.816927 0.323736 0.859626 0.227619 0.859626
10 0.650176 0.812904 0.746292 0.812904 0.746292 0.855602 0.650176 0.855602
3 0.058492 0.343858 0.169264 0.358297 0.154818 0.407506 0.044047 0.393067
13 0.040675 0.392951 0.152690 0.409216 0.136417 0.458980 0.024400 0.442713
2 0.806385 0.334759 0.920889 0.309422 0.946237 0.360288 0.831734 0.385627
12 0.831378 0.380910 0.940679 0.358100 0.963499 0.406656 0.854200 0.429468
1 0.341142 0.300384 0.632404 0.300384 0.632404 0.429776 0.341142 0.429776
7 0.386628 0.153007 0.466239 0.188894 0.430336 0.224261 0.350724 0.188373
6 0.514146 0.191350 0.586965 0.149544 0.628789 0.181894 0.555970 0.223699
16 0.631216 0.352686 0.727332 0.352686 0.727332 0.395385 0.631216 0.395385
