4 0.589038 0.351530 0.673202 0.351530 0.673202 0.388980 0.589038 0.388980
5 0.343245 0.349766 0.427409 0.349766 0.427409 0.387215 0.343245 0.387215
8 0.693949 0.815671 0.772841 0.835236 0.753299 0.870340 0.674405 0.850775
11 0.320782 0.807906 0.402170 0.822215 0.387878 0.858429 0.306490 0.844121
10 0.620753 0.780180 0.704918 0.780180 0.704918 0.817629 0.620753 0.817629
3 0.180589 0.396492 0.279041 0.402309 0.273230 0.446116 0.174780 0.440298
13 0.179262 0.443832 0.279288 0.449526 0.273599 0.494033 0.173572 0.488338
1 0.377136 0.349277 0.632180 0.349277 0.632180 0.462761 0.377136 0.462761
7 0.400549 0.245517 0.470261 0.276992 0.438822 0.308011 0.369110 0.276536
6 0.501638 0.272091 0.565402 0.235425 0.602026 0.263797 0.538262 0.300463
15 0.306243 0.871907 0.390407 0.871907 0.390407 0.909357 0.306243 0.909357
16 0.589533 0.388767 0.673697 0.388767 0.673697 0.426217 0.589533 0.426217
