4 0.589038 0.351530 0.673202 0.351530 0.673202 0.388980 0.589038 0.388980
5 0.343245 0.349766 0.427409 0.349766 0.427409 0.387215 0.343245 0.387215
8 0.693949 0.815671 0.772841 0.835236 0.753299 0.870340 0.674405 0.850775
11 0.285363 0.796827 0.369532 0.796475 0.369916 0.833921 0.285748 0.834274
10 0.607408 0.792636 0.691573 0.792636 0.691573 0.830085 0.607408 0.830085
3 0.203154 0.405339 0.287683 0.410333 0.282694 0.447945 0.198166 0.442950
13 0.200272 0.448270 0.289704 0.453361 0.284617 0.493154 0.195185 0.488062
1 0.377136 0.349277 0.632180 0.349277 0.632180 0.462761 0.377136 0.462761
7 0.400549 0.245517 0.470261 0.276992 0.438822 0.308011 0.369110 0.276536
6 0.501638 0.272091 0.565402 0.235425 0.602026 0.263797 0.538262 0.300463
15 0.292898 0.870128 0.377062 0.870128 0.377062 0.907578 0.292898 0.907578
16 0.589533 0.388767 0.673697 0.388767 0.673697 0.426217 0.589533 0.426217
2 0.754124 0.394478 0.836624 0.394478 0.836624 0.431145 0.754124 0.431145
12 0.759462 0.435404 0.841962 0.435404 0.841962 0.472070 0.759462 0.472070
9 0.164266 0.810848 0.246766 0.810848 0.246766 0.847515 0.164266 0.847515
