4 0.589565 0.351156 0.673834 0.351156 0.673834 0.388627 0.589565 0.388627
5 0.343468 0.349390 0.427737 0.349390 0.427737 0.386862 0.343468 0.386862
8 0.694606 0.815564 0.773595 0.835141 0.754029 0.870265 0.675038 0.850688
11 0.320978 0.807796 0.402466 0.822112 0.388157 0.858347 0.306668 0.844031
10 0.621320 0.780053 0.705588 0.780053 0.705588 0.817523 0.621320 0.817523
3 0.180611 0.396144 0.279185 0.401964 0.273367 0.445796 0.174795 0.439975
13 0.179282 0.443511 0.279432 0.449208 0.273737 0.493741 0.173586 0.488043
1 0.388306 0.350721 0.643666 0.350721 0.643666 0.464269 0.388306 0.464269
7 0.400843 0.245082 0.470641 0.276575 0.439164 0.307611 0.369366 0.276118
6 0.502058 0.271671 0.565900 0.234984 0.602569 0.263372 0.538726 0.300059
15 0.306421 0.871833 0.390689 0.871833 0.390689 0.909305 0.306421 0.909305
16 0.590060 0.388414 0.674329 0.388414 0.674329 0.425885 0.590060 0.425885
