4 0.589572 0.351156 0.673838 0.351156 0.673838 0.388627 0.589572 0.388627
5 0.343481 0.349390 0.427748 0.349390 0.427748 0.386862 0.343481 0.386862
8 0.694609 0.815564 0.773597 0.835141 0.754031 0.870265 0.675042 0.850688
11 0.320992 0.807796 0.402478 0.822112 0.388169 0.858347 0.306682 0.844031
10 0.621325 0.780053 0.705592 0.780053 0.705592 0.817523 0.621325 0.817523
3 0.180628 0.396144 0.279200 0.401964 0.273382 0.445796 0.174813 0.439975
13 0.179300 0.443511 0.279447 0.449208 0.273751 0.493741 0.173603 0.488043
1 0.380140 0.361631 0.635492 0.361631 0.635492 0.475180 0.380140 0.475180
7 0.400855 0.245082 0.470651 0.276575 0.439174 0.307611 0.369378 0.276118
6 0.502066 0.271671 0.565908 0.234984 0.602575 0.263372 0.538734 0.300059
15 0.306435 0.871833 0.390701 0.871833 0.390701 0.909305 0.306435 0.909305
16 0.590067 0.388414 0.674333 0.388414 0.674333 0.425885 0.590067 0.425885
