4 0.593977 0.350406 0.678378 0.350406 0.678378 0.387921 0.593977 0.387921
5 0.315691 0.350405 0.400092 0.350405 0.400092 0.387920 0.315691 0.387920
8 0.692779 0.819023 0.775674 0.829597 0.765102 0.866443 0.682206 0.855869
11 0.268189 0.787144 0.352590 0.787101 0.352635 0.824613 0.268234 0.824658
10 0.575425 0.785099 0.659825 0.785099 0.659825 0.822613 0.575425 0.822613
13 0.180611 0.451409 0.279730 0.444250 0.286888 0.488307 0.187767 0.495464
1 0.373050 0.345044 0.628809 0.345044 0.628809 0.458724 0.373050 0.458724
7 0.406014 0.243755 0.479984 0.270853 0.452888 0.303731 0.378919 0.276633
6 0.506104 0.265801 0.579771 0.238338 0.607231 0.271082 0.533564 0.298545
15 0.270555 0.848393 0.354955 0.848393 0.354955 0.885908 0.270555 0.885908
14 0.567475 0.850481 0.651875 0.850481 0.651875 0.887996 0.567475 0.887996
16 0.597021 0.382613 0.681421 0.382613 0.681421 0.420128 0.597021 0.420128
3 0.167918 0.405252 0.269863 0.399973 0.275142 0.445282 0.173197 0.450561
2 0.725420 0.407818 0.827961 0.407818 0.827961 0.453392 0.725420 0.453392
12 0.730301 0.449726 0.828418 0.449726 0.828418 0.493334 0.730301 0.493334
