4 0.594697 0.386451 0.678586 0.386451 0.678586 0.423709 0.594697 0.423709
5 0.307580 0.382941 0.391468 0.382941 0.391468 0.420198 0.307580 0.420198
11 0.281726 0.863895 0.365614 0.863895 0.365614 0.901152 0.281726 0.901152
10 0.628386 0.860171 0.712275 0.860171 0.712275 0.897428 0.628386 0.897428
3 0.149543 0.449709 0.247873 0.453660 0.243901 0.497334 0.145573 0.493383
13 0.143531 0.493260 0.255495 0.498822 0.249911 0.548551 0.137947 0.542989
2 0.739801 0.435003 0.844854 0.430278 0.849610 0.476941 0.744558 0.481668
12 0.747560 0.482049 0.847211 0.476884 0.852406 0.521151 0.752756 0.526319
1 0.364591 0.412713 0.618800 0.412713 0.618800 0.525614 0.364591 0.525614
15 0.279170 0.898090 0.363059 0.898090 0.363059 0.935347 0.279170 0.935347
14 0.630729 0.898027 0.714618 0.898027 0.714618 0.935305 0.630729 0.935305
9 0.122835 0.823159 0.206195 0.816892 0.212463 0.853935 0.129103 0.860202
8 0.781277 0.809378 0.865166 0.809378 0.865166 0.846656 0.781277 0.846656
16 0.596855 0.423937 0.680744 0.423937 0.680744 0.461215 0.596855 0.461215
