4 0.621296 0.381369 0.707308 0.381369 0.707308 0.419554 0.621296 0.419554
5 0.291819 0.379569 0.377831 0.379569 0.377831 0.417754 0.291819 0.417754
11 0.272919 0.893976 0.358931 0.893976 0.358931 0.932160 0.272919 0.932160
10 0.680704 0.906567 0.766716 0.906567 0.766716 0.944751 0.680704 0.944751
3 0.100585 0.387563 0.192240 0.415838 0.163943 0.456526 0.072291 0.428250
13 0.069672 0.430442 0.175877 0.460030 0.146263 0.507177 0.040057 0.477588
2 0.808364 0.425326 0.907239 0.396450 0.936151 0.440345 0.837277 0.469222
12 0.839149 0.467073 0.934757 0.442485 0.959379 0.484933 0.863773 0.509522
1 0.371952 0.397548 0.632595 0.397548 0.632595 0.513259 0.371952 0.513259
9 0.140846 0.935120 0.220354 0.913258 0.242229 0.948575 0.162720 0.970436
8 0.839907 0.936219 0.925506 0.941829 0.919893 0.979851 0.834294 0.974241
6 0.530912 0.287687 0.617182 0.237497 0.667401 0.275817 0.581130 0.326008
16 0.617476 0.421183 0.703488 0.421183 0.703488 0.459389 0.617476 0.459389
