4 0.621625 0.380671 0.707562 0.380671 0.707562 0.418828 0.621625 0.418828
5 0.292433 0.378873 0.378371 0.378873 0.378371 0.417029 0.292433 0.417029
11 0.301338 0.896602 0.387275 0.896602 0.387275 0.934757 0.301338 0.934757
10 0.683760 0.898073 0.769698 0.898073 0.769698 0.936229 0.683760 0.936229
3 0.101366 0.386860 0.192942 0.415115 0.164669 0.455772 0.073096 0.427518
13 0.070479 0.429707 0.176593 0.459274 0.147004 0.506386 0.040891 0.476819
2 0.808530 0.424596 0.907320 0.395741 0.936206 0.439604 0.837419 0.468459
12 0.839289 0.466311 0.934814 0.441742 0.959415 0.484158 0.863892 0.508729
1 0.353046 0.382025 0.613463 0.382025 0.613463 0.497650 0.353046 0.497650
9 0.141592 0.934011 0.221031 0.912165 0.242886 0.947456 0.163447 0.969301
8 0.840046 0.935109 0.925571 0.940715 0.919962 0.978710 0.834438 0.973104
6 0.531319 0.287059 0.617515 0.236906 0.667690 0.275198 0.581494 0.325351
16 0.622992 0.418729 0.708929 0.418729 0.708929 0.456906 0.622992 0.456906
