4 0.585029 0.350856 0.666911 0.350856 0.666911 0.387255 0.585029 0.387255
5 0.338227 0.352569 0.420109 0.352569 0.420109 0.388969 0.338227 0.388969
11 0.307457 0.815384 0.389338 0.815384 0.389338 0.851783 0.307457 0.851783
10 0.615561 0.817099 0.697442 0.817099 0.697442 0.853498 0.615561 0.853498
1 0.378359 0.349132 0.626484 0.349132 0.626484 0.459433 0.378359 0.459433
9 0.194111 0.808082 0.275570 0.802501 0.281130 0.838727 0.199670 0.844308
8 0.745126 0.794964 0.825356 0.805872 0.814451 0.841558 0.734220 0.830650
15 0.307356 0.852222 0.389237 0.852222 0.389237 0.888622 0.307356 0.888622
14 0.618321 0.854093 0.700202 0.854093 0.700202 0.890492 0.618321 0.890492
16 0.580490 0.384490 0.662371 0.384490 0.662371 0.420889 0.580490 0.420889
