4 0.584506 0.351220 0.666284 0.351220 0.666284 0.387599 0.584506 0.387599
5 0.338015 0.352932 0.419793 0.352932 0.419793 0.389311 0.338015 0.389311
11 0.307283 0.815487 0.389061 0.815487 0.389061 0.851866 0.307283 0.851866
10 0.614999 0.817202 0.696777 0.817202 0.696777 0.853580 0.614999 0.853580
1 0.375450 0.351262 0.623263 0.351262 0.623263 0.461501 0.375450 0.461501
9 0.194079 0.808189 0.275436 0.802611 0.280989 0.838818 0.199632 0.844395
8 0.744400 0.795079 0.824530 0.805981 0.813638 0.841647 0.733508 0.830745
15 0.307182 0.852305 0.388960 0.852305 0.388960 0.888684 0.307182 0.888684
14 0.617755 0.854174 0.699533 0.854174 0.699533 0.890554 0.617755 0.890554
16 0.579972 0.384835 0.661750 0.384835 0.661750 0.421214 0.579972 0.421214
