4 0.632556 0.271110 0.723549 0.271110 0.723549 0.311549 0.632556 0.311549
5 0.286857 0.273014 0.377850 0.273014 0.377850 0.313453 0.286857 0.313453
11 0.241147 0.821593 0.332139 0.821593 0.332139 0.862031 0.241147 0.862031
10 0.666830 0.819688 0.757823 0.819688 0.757823 0.860126 0.666830 0.860126
3 0.081492 0.291825 0.182869 0.314353 0.160352 0.359403 0.058975 0.336877
13 0.060242 0.336413 0.155699 0.356208 0.135908 0.398630 0.040451 0.378832
2 0.819355 0.318412 0.925099 0.289632 0.953884 0.336626 0.848142 0.365408
12 0.853922 0.367436 0.953371 0.338642 0.982174 0.382842 0.882726 0.411637
1 0.362031 0.272538 0.637754 0.270818 0.639475 0.393353 0.363752 0.395074
9 0.131186 0.791486 0.218093 0.773496 0.236068 0.812139 0.149160 0.830128
8 0.816182 0.785454 0.905340 0.797572 0.893221 0.837218 0.804063 0.825100
16 0.633758 0.304679 0.727452 0.304679 0.727452 0.346321 0.633758 0.346321
