4 0.583680 0.351220 0.665458 0.351220 0.665458 0.387599 0.583680 0.387599
5 0.337188 0.352932 0.418967 0.352932 0.418967 0.389311 0.337188 0.389311
11 0.306457 0.815487 0.388235 0.815487 0.388235 0.851866 0.306457 0.851866
10 0.614172 0.817202 0.695951 0.817202 0.695951 0.853580 0.614172 0.853580
1 0.387852 0.354793 0.635665 0.354793 0.635665 0.465032 0.387852 0.465032
9 0.193253 0.808189 0.274610 0.802611 0.280163 0.838818 0.198806 0.844395
8 0.743574 0.795079 0.823704 0.805981 0.812812 0.841647 0.732682 0.830745
15 0.306356 0.852305 0.388134 0.852305 0.388134 0.888684 0.306356 0.888684
14 0.616929 0.854174 0.698707 0.854174 0.698707 0.890554 0.616929 0.890554
16 0.579146 0.384835 0.660924 0.384835 0.660924 0.421214 0.579146 0.421214
