4 0.583375 0.350856 0.665258 0.350856 0.665258 0.387255 0.583375 0.387255
5 0.336566 0.352569 0.418449 0.352569 0.418449 0.388969 0.336566 0.388969
11 0.305794 0.815384 0.387678 0.815384 0.387678 0.851783 0.305794 0.851783
10 0.613907 0.817099 0.695790 0.817099 0.695790 0.853498 0.613907 0.853498
1 0.387295 0.354431 0.635427 0.354431 0.635427 0.464732 0.387295 0.464732
9 0.192445 0.808082 0.273906 0.802501 0.279466 0.838727 0.198005 0.844308
8 0.743475 0.794964 0.823708 0.805872 0.812802 0.841558 0.732569 0.830650
15 0.305693 0.852222 0.387577 0.852222 0.387577 0.888622 0.305693 0.888622
14 0.616667 0.854093 0.698550 0.854093 0.698550 0.890492 0.616667 0.890492
16 0.578835 0.384490 0.660718 0.384490 0.660718 0.420889 0.578835 0.420889
