4 0.590690 0.373810 0.672620 0.373810 0.672620 0.410271 0.590690 0.410271
5 0.336019 0.370373 0.417948 0.370373 0.417948 0.406834 0.336019 0.406834
11 0.300317 0.824027 0.382247 0.824027 0.382247 0.860487 0.300317 0.860487
10 0.585037 0.825798 0.666967 0.825798 0.666967 0.862258 0.585037 0.862258
3 0.173503 0.390929 0.266816 0.406582 0.251180 0.448106 0.157868 0.432452
2 0.736707 0.408741 0.837665 0.395668 0.850732 0.440597 0.749776 0.453671
1 0.383972 0.368648 0.632244 0.368648 0.632244 0.479134 0.383972 0.479134
14 0.582188 0.876956 0.664118 0.876956 0.664118 0.913417 0.582188 0.913417
15 0.307410 0.873850 0.389340 0.873850 0.389340 0.910289 0.307410 0.910289
16 0.586692 0.459379 0.668622 0.459379 0.668622 0.495819 0.586692 0.495819
