5 0.295503 0.316353 0.396010 0.316353 0.396010 0.360993 0.295503 0.360993
11 0.254474 0.768425 0.354981 0.768425 0.354981 0.813063 0.254474 0.813063
10 0.646434 0.765922 0.739278 0.765922 0.739278 0.807157 0.646434 0.807157
3 0.107449 0.273916 0.205241 0.317948 0.161177 0.361376 0.063387 0.317346
13 0.056963 0.320517 0.146989 0.363113 0.104355 0.403092 0.014331 0.360494
2 0.776329 0.335958 0.865550 0.276535 0.925025 0.316157 0.835806 0.375579
12 0.839842 0.372501 0.925965 0.317061 0.981464 0.355309 0.895343 0.410750
1 0.354428 0.316597 0.658997 0.316597 0.658997 0.451867 0.354428 0.451867
16 0.598482 0.408871 0.698990 0.408871 0.698990 0.453511 0.598482 0.453511
4 0.598482 0.318457 0.698990 0.318457 0.698990 0.363097 0.598482 0.363097
