4 0.604034 0.379148 0.685962 0.379148 0.685962 0.415609 0.604034 0.415609
5 0.325345 0.370373 0.407274 0.370373 0.407274 0.406834 0.325345 0.406834
11 0.305658 0.813351 0.387587 0.813351 0.387587 0.849811 0.305658 0.849811
10 0.595712 0.820460 0.677640 0.820460 0.677640 0.856920 0.595712 0.856920
3 0.173508 0.390929 0.266820 0.406582 0.251184 0.448106 0.157873 0.432452
2 0.736703 0.408741 0.837660 0.395668 0.850726 0.440597 0.749772 0.453671
1 0.373315 0.393508 0.621583 0.393508 0.621583 0.503994 0.373315 0.503994
14 0.592863 0.876956 0.674791 0.876956 0.674791 0.913417 0.592863 0.913417
15 0.307413 0.873850 0.389341 0.873850 0.389341 0.910289 0.307413 0.910289
16 0.591638 0.459379 0.673566 0.459379 0.673566 0.495819 0.591638 0.495819
12 0.749244 0.453344 0.850615 0.441104 0.862856 0.486158 0.761484 0.498398
13 0.161145 0.433679 0.263904 0.453035 0.244549 0.498705 0.141790 0.479350
