4 0.590689 0.374161 0.672617 0.374161 0.672617 0.410601 0.590689 0.410601
5 0.336021 0.370726 0.417950 0.370726 0.417950 0.407167 0.336021 0.407167
11 0.300320 0.824126 0.382249 0.824126 0.382249 0.860565 0.300320 0.860565
10 0.585036 0.825896 0.666964 0.825896 0.666964 0.862335 0.585036 0.862335
3 0.173508 0.391271 0.266820 0.406915 0.251184 0.448415 0.157873 0.432771
2 0.736703 0.409073 0.837660 0.396007 0.850726 0.440911 0.749772 0.453978
1 0.389279 0.365465 0.637547 0.365465 0.637547 0.475889 0.389279 0.475889
14 0.582187 0.877025 0.664115 0.877025 0.664115 0.913465 0.582187 0.913465
15 0.307413 0.873920 0.389341 0.873920 0.389341 0.910340 0.307413 0.910340
16 0.602761 0.459733 0.684057 0.466510 0.677282 0.502648 0.595987 0.495872
