4 0.595297 0.326868 0.695804 0.326868 0.695804 0.371508 0.595297 0.371508
5 0.289191 0.328970 0.389698 0.328970 0.389698 0.373609 0.289191 0.373609
11 0.257629 0.770526 0.358136 0.770526 0.358136 0.815164 0.257629 0.815164
10 0.636290 0.768425 0.736798 0.768425 0.736798 0.813063 0.636290 0.813063
3 0.116040 0.277531 0.211496 0.323782 0.165211 0.366173 0.069756 0.319923
13 0.070385 0.321152 0.162796 0.361415 0.122495 0.402455 0.030086 0.362190
2 0.783161 0.341762 0.869445 0.280445 0.930817 0.318763 0.844536 0.380080
12 0.839499 0.382979 0.920665 0.324314 0.979392 0.360360 0.898227 0.419026
1 0.344291 0.310746 0.648859 0.310746 0.648859 0.446016 0.344291 0.446016
16 0.592171 0.413076 0.692678 0.413076 0.692678 0.457716 0.592171 0.457716
