5 0.290437 0.323265 0.373701 0.323265 0.373701 0.360268 0.290437 0.360268
11 0.269520 0.778165 0.352783 0.778165 0.352783 0.815167 0.269520 0.815167
10 0.635505 0.778166 0.718769 0.778166 0.718769 0.815168 0.635505 0.815168
3 0.113731 0.281118 0.194744 0.317616 0.158241 0.353614 0.077228 0.317117
13 0.079751 0.318003 0.154331 0.353310 0.119011 0.386450 0.044433 0.351139
2 0.793351 0.332544 0.867265 0.283288 0.916536 0.316132 0.842624 0.365387
12 0.843353 0.361092 0.914700 0.315138 0.960677 0.346842 0.889331 0.392798
1 0.365082 0.321830 0.617394 0.321830 0.617394 0.433957 0.365082 0.433957
16 0.612028 0.408669 0.695292 0.408669 0.695292 0.445672 0.612028 0.445672
4 0.612028 0.321524 0.695292 0.321524 0.695292 0.358526 0.612028 0.358526
