4 0.590687 0.374161 0.672614 0.374161 0.672614 0.410601 0.590687 0.410601
5 0.336024 0.370726 0.417951 0.370726 0.417951 0.407167 0.336024 0.407167
11 0.300324 0.824126 0.382251 0.824126 0.382251 0.860565 0.300324 0.860565
10 0.585035 0.825896 0.666962 0.825896 0.666962 0.862335 0.585035 0.862335
3 0.173513 0.391271 0.266824 0.406915 0.251188 0.448415 0.157879 0.432771
2 0.736699 0.409073 0.837654 0.396007 0.850721 0.440911 0.749768 0.453978
1 0.386628 0.372538 0.634892 0.372538 0.634892 0.482962 0.386628 0.482962
14 0.582186 0.877025 0.664113 0.877025 0.664113 0.913465 0.582186 0.913465
15 0.307416 0.873920 0.389343 0.873920 0.389343 0.910340 0.307416 0.910340
16 0.602760 0.459733 0.684054 0.466510 0.677280 0.502648 0.595985 0.495872
