4 0.635282 0.372290 0.728503 0.372290 0.728503 0.413695 0.635282 0.413695
5 0.254565 0.374241 0.347785 0.374241 0.347785 0.415646 0.254565 0.415646
2 0.826330 0.384999 0.913173 0.362414 0.935758 0.400985 0.848914 0.423571
12 0.849701 0.432008 0.936381 0.409145 0.959241 0.447644 0.872560 0.470506
3 0.090281 0.368979 0.174910 0.395029 0.148852 0.432617 0.064223 0.406567
13 0.064721 0.411572 0.156827 0.434976 0.133409 0.475886 0.041303 0.452482
1 0.346921 0.370528 0.629407 0.370528 0.629407 0.495999 0.346921 0.495999
11 0.222301 0.881660 0.315515 0.881557 0.315600 0.922965 0.222384 0.923069
10 0.684647 0.881598 0.777868 0.881598 0.777868 0.923027 0.684647 0.923027
6 0.554122 0.289972 0.586708 0.231750 0.644936 0.246231 0.612348 0.304453
7 0.394536 0.235944 0.424315 0.294830 0.365425 0.308066 0.335645 0.249179
8 0.867824 0.891716 0.960918 0.894953 0.957679 0.936325 0.864585 0.933088
9 0.031418 0.889860 0.131369 0.889860 0.131369 0.934279 0.031418 0.934279
16 0.639454 0.403505 0.732675 0.403505 0.732675 0.444934 0.639454 0.444934
