4 0.635282 0.286734 0.728503 0.286734 0.728503 0.328139 0.635282 0.328139
5 0.254565 0.288685 0.347785 0.288685 0.347785 0.330090 0.254565 0.330090
2 0.826330 0.299443 0.913173 0.276858 0.935758 0.315429 0.848914 0.338015
12 0.849701 0.346452 0.936381 0.323589 0.959241 0.362088 0.872560 0.384950
3 0.090281 0.283423 0.174910 0.309473 0.148852 0.347061 0.064223 0.321011
13 0.064721 0.326016 0.156827 0.349420 0.133409 0.390330 0.041303 0.366926
1 0.346921 0.284972 0.629407 0.284972 0.629407 0.410443 0.346921 0.410443
11 0.222301 0.796104 0.315515 0.796001 0.315600 0.837409 0.222384 0.837513
10 0.684647 0.796042 0.777868 0.796042 0.777868 0.837471 0.684647 0.837471
6 0.554122 0.204416 0.586708 0.146194 0.644936 0.160675 0.612348 0.218897
7 0.394536 0.150388 0.424315 0.209274 0.365425 0.222510 0.335645 0.163623
8 0.867824 0.806160 0.960918 0.809397 0.957679 0.850769 0.864585 0.847532
9 0.031418 0.804304 0.131369 0.804304 0.131369 0.848723 0.031418 0.848723
16 0.639454 0.317949 0.732675 0.317949 0.732675 0.359378 0.639454 0.359378
