4 0.597958 0.373776 0.682070 0.373776 0.682070 0.411161 0.597958 0.411161
5 0.360242 0.373776 0.444354 0.373776 0.444354 0.411161 0.360242 0.411161
11 0.344481 0.654597 0.426106 0.668133 0.412572 0.704413 0.330947 0.690878
10 0.638003 0.678853 0.711177 0.668766 0.721263 0.701289 0.648090 0.711376
15 0.330053 0.694269 0.410862 0.709828 0.395305 0.745745 0.314496 0.730186
14 0.643874 0.713570 0.726680 0.703727 0.736522 0.740532 0.653717 0.750375
9 0.185834 0.758597 0.267551 0.771886 0.254265 0.808206 0.172548 0.794918
8 0.759195 0.645736 0.842073 0.655305 0.832505 0.692142 0.749627 0.682573
2 0.741146 0.426916 0.824053 0.416263 0.834706 0.453112 0.751799 0.463766
12 0.749979 0.468123 0.833089 0.459491 0.841720 0.496431 0.758611 0.505063
3 0.222896 0.437170 0.307007 0.437170 0.307007 0.474556 0.222896 0.474556
13 0.224030 0.474823 0.308078 0.477029 0.305873 0.514385 0.221825 0.512179
6 0.599715 0.315035 0.620092 0.260094 0.675030 0.269152 0.654653 0.324093
7 0.387241 0.319054 0.358571 0.260266 0.417356 0.247523 0.446025 0.306311
1 0.401798 0.375847 0.656682 0.375847 0.656682 0.489135 0.401798 0.489135
16 0.598866 0.403354 0.682977 0.403354 0.682977 0.440738 0.598866 0.440738
