4 0.579561 0.365575 0.661499 0.365575 0.661499 0.402015 0.579561 0.402015
5 0.304282 0.369006 0.386220 0.369006 0.386220 0.405447 0.304282 0.405447
11 0.309740 0.820275 0.391677 0.820275 0.391677 0.856714 0.309740 0.856714
2 0.723020 0.405637 0.823987 0.392571 0.837056 0.437475 0.736090 0.450542
12 0.746213 0.449819 0.841812 0.436594 0.855044 0.479114 0.759447 0.492340
1 0.357310 0.355007 0.605606 0.355007 0.605606 0.465432 0.357310 0.465432
15 0.307223 0.850340 0.389161 0.850340 0.389161 0.886781 0.307223 0.886781
9 0.169059 0.828695 0.249842 0.819552 0.258978 0.855479 0.178195 0.864621
8 0.746501 0.753762 0.808334 0.789627 0.772492 0.817127 0.710659 0.781260
16 0.579665 0.396993 0.661602 0.396993 0.661602 0.433434 0.579665 0.433434
