4 0.556045 0.388972 0.640671 0.388972 0.640671 0.426618 0.556045 0.426618
5 0.319616 0.388971 0.404241 0.388971 0.404241 0.426617 0.319616 0.426617
11 0.271667 0.828966 0.356292 0.828966 0.356292 0.866611 0.271667 0.866611
2 0.724420 0.416078 0.814322 0.412503 0.817905 0.452495 0.728004 0.456073
12 0.729497 0.456674 0.823669 0.451520 0.828834 0.493417 0.734663 0.498572
1 0.344932 0.403162 0.601373 0.403162 0.601373 0.517237 0.344932 0.517237
15 0.271656 0.889094 0.356282 0.889094 0.356282 0.926739 0.271656 0.926739
9 0.130928 0.805186 0.213521 0.792882 0.225815 0.829622 0.143223 0.841927
14 0.659674 0.881989 0.744299 0.881989 0.744299 0.919634 0.659674 0.919634
10 0.648699 0.821897 0.733325 0.821897 0.733325 0.859542 0.648699 0.859542
16 0.555791 0.432411 0.640416 0.432411 0.640416 0.470056 0.555791 0.470056
3 0.153330 0.420460 0.247025 0.420460 0.247025 0.462102 0.153330 0.462102
13 0.153330 0.454268 0.247025 0.454268 0.247025 0.495910 0.153330 0.495910
8 0.756793 0.819745 0.839293 0.819745 0.839293 0.856412 0.756793 0.856412
