4 0.542700 0.376516 0.627326 0.376516 0.627326 0.414162 0.542700 0.414162
5 0.295595 0.376515 0.380220 0.376515 0.380220 0.414161 0.295595 0.414161
11 0.285012 0.793379 0.369637 0.793379 0.369637 0.831024 0.285012 0.831024
2 0.695061 0.417857 0.784963 0.414282 0.788546 0.454274 0.698645 0.457852
12 0.697469 0.456674 0.791641 0.451520 0.796806 0.493417 0.702635 0.498572
1 0.334256 0.371134 0.590697 0.371134 0.590697 0.485209 0.334256 0.485209
15 0.285001 0.853507 0.369627 0.853507 0.369627 0.891152 0.285001 0.891152
9 0.149611 0.792730 0.232204 0.780426 0.244498 0.817166 0.161906 0.829471
14 0.662343 0.851740 0.746968 0.851740 0.746968 0.889385 0.662343 0.889385
10 0.659375 0.793427 0.744001 0.793427 0.744001 0.831072 0.659375 0.831072
16 0.539777 0.412838 0.624402 0.412838 0.624402 0.450483 0.539777 0.450483
3 0.129309 0.420460 0.223004 0.420460 0.223004 0.462102 0.129309 0.462102
13 0.131978 0.454268 0.225673 0.454268 0.225673 0.495910 0.131978 0.495910
