4 0.542700 0.376516 0.627326 0.376516 0.627326 0.414162 0.542700 0.414162
5 0.295595 0.376515 0.380220 0.376515 0.380220 0.414161 0.295595 0.414161
11 0.274336 0.793379 0.358961 0.793379 0.358961 0.831024 0.274336 0.831024
2 0.681335 0.430604 0.787370 0.426387 0.791596 0.473556 0.685562 0.477776
12 0.686125 0.480351 0.786623 0.474851 0.792135 0.519562 0.691638 0.525063
1 0.336994 0.367481 0.593435 0.367481 0.593435 0.481556 0.336994 0.481556
15 0.271656 0.853507 0.356282 0.853507 0.356282 0.891152 0.271656 0.891152
9 0.149611 0.792730 0.232204 0.780426 0.244498 0.817166 0.161906 0.829471
14 0.654336 0.849961 0.738961 0.849961 0.738961 0.887606 0.654336 0.887606
10 0.648699 0.795206 0.733325 0.795206 0.733325 0.832851 0.648699 0.832851
16 0.539777 0.412838 0.624402 0.412838 0.624402 0.450483 0.539777 0.450483
