4 0.548694 0.362625 0.633519 0.362625 0.633519 0.400358 0.548694 0.400358
5 0.304555 0.364401 0.389380 0.364401 0.389380 0.402134 0.304555 0.402134
11 0.278967 0.812069 0.363793 0.812069 0.363793 0.849801 0.278967 0.849801
2 0.706324 0.408273 0.812030 0.404750 0.810565 0.450683 0.704859 0.454209
12 0.709371 0.444116 0.811636 0.445080 0.806654 0.489476 0.704390 0.488512
1 0.353881 0.350175 0.610928 0.350175 0.610928 0.464516 0.353881 0.464516
15 0.275919 0.846648 0.360744 0.846648 0.360744 0.884381 0.275919 0.884381
14 0.633511 0.850579 0.717856 0.850579 0.717856 0.888098 0.633511 0.888098
10 0.628124 0.809691 0.716864 0.809691 0.716864 0.849165 0.628124 0.849165
7 0.399895 0.230719 0.458939 0.261646 0.436086 0.290548 0.377040 0.259621
6 0.486125 0.259724 0.583061 0.213270 0.616223 0.254435 0.519289 0.300888
9 0.150423 0.815944 0.234593 0.808923 0.241607 0.846365 0.157437 0.853385
16 0.549682 0.394394 0.634507 0.394394 0.634507 0.432126 0.549682 0.432126
3 0.140900 0.409597 0.243441 0.409597 0.243441 0.455171 0.140900 0.455171
13 0.145531 0.447836 0.244149 0.447836 0.244149 0.491666 0.145531 0.491666
