4 0.554127 0.359272 0.639409 0.359272 0.639409 0.397204 0.554127 0.397204
5 0.308674 0.361058 0.393956 0.361058 0.393956 0.398989 0.308674 0.398989
11 0.258603 0.795164 0.343885 0.795164 0.343885 0.833094 0.258603 0.833094
3 0.150575 0.407611 0.258737 0.411616 0.255715 0.459639 0.147555 0.455632
13 0.150206 0.451770 0.251972 0.459665 0.247161 0.504817 0.145394 0.496918
2 0.714767 0.371590 0.822477 0.362861 0.825980 0.409897 0.718269 0.418629
12 0.719080 0.417838 0.820919 0.408365 0.826144 0.452984 0.724305 0.462457
1 0.347229 0.352279 0.605660 0.352279 0.605660 0.467222 0.347229 0.467222
15 0.258135 0.835230 0.343417 0.835230 0.343417 0.873161 0.258135 0.873161
8 0.782826 0.780909 0.867928 0.784601 0.864239 0.822452 0.779136 0.818759
14 0.593630 0.833658 0.678429 0.833658 0.678429 0.871374 0.593630 0.871374
10 0.590507 0.793160 0.675789 0.793160 0.675789 0.831092 0.590507 0.831092
7 0.404526 0.226672 0.463889 0.257762 0.440912 0.286816 0.381549 0.255727
6 0.478920 0.252185 0.552969 0.207743 0.586116 0.239865 0.512069 0.284306
16 0.557694 0.389492 0.642976 0.389492 0.642976 0.427423 0.557694 0.427423
