4 0.578650 0.383954 0.663532 0.383954 0.663532 0.421686 0.578650 0.421686
5 0.329017 0.380397 0.413899 0.380397 0.413899 0.418130 0.329017 0.418130
11 0.276677 0.838354 0.361559 0.838354 0.361559 0.876086 0.276677 0.876086
1 0.375146 0.386151 0.632364 0.386151 0.632364 0.500492 0.375146 0.500492
15 0.273627 0.873255 0.358509 0.873255 0.358509 0.910988 0.273627 0.910988
10 0.595960 0.851439 0.680842 0.851439 0.680842 0.889172 0.595960 0.889172
7 0.388818 0.247425 0.434090 0.304653 0.384288 0.330717 0.339016 0.273488
6 0.560810 0.309681 0.592583 0.247889 0.644102 0.264907 0.612329 0.326698
16 0.578284 0.411473 0.663166 0.411473 0.663166 0.449205 0.578284 0.449205
2 0.724424 0.401479 0.806324 0.394861 0.812943 0.431261 0.731042 0.437879
12 0.730150 0.433005 0.812209 0.427322 0.817892 0.463792 0.735834 0.469476
3 0.180463 0.390126 0.262576 0.395443 0.257260 0.431938 0.175146 0.426621
13 0.176817 0.426182 0.258402 0.434355 0.250229 0.470615 0.168645 0.462442
