4 0.599395 0.381657 0.681895 0.381657 0.681895 0.418366 0.599395 0.418366
5 0.330862 0.378199 0.413362 0.378199 0.413362 0.414908 0.330862 0.414908
11 0.303228 0.815657 0.385728 0.815657 0.385728 0.852364 0.303228 0.852364
3 0.146943 0.419259 0.250933 0.427905 0.243253 0.474136 0.139262 0.465489
2 0.747682 0.432637 0.850635 0.418992 0.859133 0.464213 0.756181 0.477860
1 0.378209 0.378508 0.628209 0.378508 0.628209 0.489744 0.378209 0.489744
15 0.302776 0.879630 0.385276 0.879630 0.385276 0.916338 0.302776 0.916338
10 0.613833 0.813325 0.691554 0.813195 0.691684 0.847776 0.613963 0.847906
14 0.620771 0.875684 0.705472 0.875684 0.705472 0.913370 0.620771 0.913370
9 0.156423 0.803650 0.233992 0.784899 0.252722 0.819413 0.175153 0.838164
8 0.770140 0.809348 0.852163 0.815259 0.846259 0.851754 0.764236 0.845844
16 0.598534 0.409174 0.681034 0.409174 0.681034 0.445883 0.598534 0.445883
