4 0.609565 0.394806 0.692165 0.394806 0.692165 0.431556 0.609565 0.431556
5 0.351082 0.394805 0.433682 0.394805 0.433682 0.431555 0.351082 0.431555
11 0.333790 0.798136 0.416390 0.798136 0.416390 0.834885 0.333790 0.834885
3 0.169051 0.417253 0.273312 0.425085 0.266445 0.471426 0.162183 0.463594
2 0.732452 0.441827 0.835824 0.429195 0.843318 0.474548 0.739947 0.487181
1 0.385047 0.396686 0.635349 0.396686 0.635349 0.508048 0.385047 0.508048
15 0.320368 0.858722 0.402968 0.858722 0.402968 0.895472 0.320368 0.895472
8 0.750663 0.817160 0.833089 0.820737 0.829515 0.857409 0.747089 0.853831
14 0.609391 0.858826 0.691523 0.858826 0.691523 0.895368 0.609391 0.895368
10 0.611318 0.794674 0.693918 0.794674 0.693918 0.831424 0.611318 0.831424
9 0.162845 0.787146 0.243533 0.775356 0.255311 0.811255 0.174621 0.823045
16 0.608195 0.423475 0.690795 0.423475 0.690795 0.460225 0.608195 0.460225
