4 0.549694 0.370103 0.632061 0.373235 0.628936 0.409863 0.546569 0.406732
5 0.310172 0.368879 0.392647 0.367498 0.394035 0.404173 0.311562 0.405554
11 0.303319 0.788110 0.385819 0.788110 0.385819 0.824797 0.303319 0.824797
3 0.186578 0.426877 0.283672 0.434168 0.277277 0.477303 0.180183 0.470011
13 0.186270 0.475102 0.277369 0.482193 0.273037 0.522606 0.181938 0.515512
2 0.726075 0.413343 0.830121 0.404105 0.834289 0.449570 0.730243 0.458810
12 0.733716 0.453461 0.832508 0.445725 0.836159 0.488944 0.737369 0.496681
1 0.338684 0.396368 0.588680 0.395478 0.589569 0.506650 0.339572 0.507540
15 0.302866 0.852049 0.385366 0.852049 0.385366 0.888737 0.302866 0.888737
8 0.752695 0.809347 0.830452 0.827738 0.812072 0.862316 0.734315 0.843924
14 0.635581 0.855609 0.717614 0.855609 0.717614 0.892089 0.635581 0.892089
10 0.629734 0.786382 0.712234 0.786382 0.712234 0.823070 0.629734 0.823070
6 0.509189 0.259579 0.564066 0.212075 0.601347 0.236982 0.546469 0.284485
9 0.176861 0.805958 0.256696 0.819834 0.242828 0.855336 0.162993 0.841460
16 0.550301 0.407955 0.632801 0.408217 0.632545 0.444903 0.550045 0.444641
