4 0.618566 0.366964 0.701246 0.366964 0.701246 0.403715 0.618566 0.403715
5 0.328387 0.367110 0.411067 0.367110 0.411067 0.403860 0.328387 0.403860
11 0.298308 0.775209 0.380978 0.776059 0.380129 0.812805 0.297458 0.811955
3 0.137801 0.411798 0.239421 0.420588 0.231566 0.465722 0.129943 0.456929
13 0.130648 0.460977 0.226561 0.471072 0.219389 0.513678 0.123477 0.503580
2 0.742900 0.415014 0.845863 0.400649 0.855073 0.445861 0.752112 0.460228
1 0.378410 0.383368 0.628956 0.383368 0.628956 0.494731 0.378410 0.494731
10 0.638593 0.778493 0.716484 0.778363 0.716614 0.812983 0.638723 0.813114
14 0.636047 0.829138 0.718727 0.829138 0.718727 0.865887 0.636047 0.865887
9 0.134406 0.815378 0.213717 0.799800 0.229295 0.835052 0.149982 0.850629
8 0.775580 0.803050 0.857244 0.811664 0.848628 0.847962 0.766964 0.839348
15 0.297644 0.832438 0.380325 0.832438 0.380325 0.869188 0.297644 0.869188
16 0.619010 0.405179 0.701690 0.405179 0.701690 0.441928 0.619010 0.441928
13 0.751721 0.463039 0.852253 0.449576 0.865718 0.494256 0.765184 0.507720
