4 0.616927 0.351373 0.699170 0.351373 0.699170 0.387937 0.616927 0.387937
5 0.338904 0.353096 0.421146 0.353096 0.421146 0.389660 0.338904 0.389660
11 0.316522 0.787103 0.398764 0.787103 0.398764 0.823666 0.316522 0.823666
3 0.146530 0.381263 0.242181 0.404748 0.219621 0.447378 0.123967 0.423890
2 0.765840 0.421967 0.866822 0.403687 0.879933 0.448233 0.778953 0.466515
12 0.779444 0.468959 0.876382 0.455042 0.886142 0.497691 0.789206 0.511606
1 0.393852 0.352723 0.643071 0.352723 0.643071 0.463521 0.393852 0.463521
15 0.306004 0.848843 0.388243 0.849367 0.387719 0.885928 0.305480 0.885405
10 0.626158 0.779617 0.703637 0.779487 0.703766 0.813932 0.626288 0.814061
14 0.629004 0.845660 0.711247 0.845660 0.711247 0.882223 0.629004 0.882223
9 0.145021 0.751114 0.223692 0.735126 0.239675 0.770101 0.161003 0.786089
8 0.811982 0.804023 0.893987 0.808180 0.889832 0.844637 0.807825 0.840483
16 0.612679 0.388336 0.694922 0.388336 0.694922 0.424899 0.612679 0.424899
13 0.124829 0.425451 0.219048 0.443705 0.200794 0.485581 0.106575 0.467327
