4 0.609255 0.444048 0.709825 0.444048 0.709825 0.481326 0.609255 0.481326
5 0.310325 0.447558 0.410896 0.447558 0.410896 0.484837 0.310325 0.484837
11 0.264007 0.897076 0.364577 0.897076 0.364577 0.934354 0.264007 0.934354
2 0.803061 0.521123 0.925079 0.499706 0.944424 0.544722 0.822407 0.566142
12 0.828196 0.570386 0.944321 0.550979 0.962465 0.593791 0.846341 0.613199
1 0.355571 0.438824 0.660330 0.438824 0.660330 0.551788 0.355571 0.551788
15 0.263455 0.932195 0.364025 0.932195 0.364025 0.969473 0.263455 0.969473
8 0.837897 0.791703 0.938255 0.795331 0.933905 0.832530 0.833545 0.828901
14 0.697469 0.928789 0.797470 0.928789 0.797470 0.965856 0.697469 0.965856
10 0.690341 0.891809 0.790912 0.891809 0.790912 0.929088 0.690341 0.929088
7 0.349609 0.284818 0.429681 0.345063 0.369485 0.380679 0.289412 0.320435
6 0.567615 0.338489 0.614114 0.264184 0.688359 0.284867 0.641860 0.359171
16 0.609268 0.473181 0.705417 0.473181 0.705417 0.515948 0.609268 0.515948
