4 0.595570 0.369554 0.678162 0.369554 0.678162 0.406262 0.595570 0.406262
5 0.321551 0.373013 0.404143 0.373013 0.404143 0.409721 0.321551 0.409721
11 0.293964 0.802136 0.376556 0.802136 0.376556 0.838844 0.293964 0.838844
3 0.155733 0.407086 0.252475 0.429388 0.231098 0.472478 0.134354 0.450173
2 0.751613 0.412109 0.850759 0.388901 0.868757 0.432869 0.769611 0.456078
1 0.371152 0.367451 0.621432 0.367451 0.621432 0.478688 0.371152 0.478688
15 0.288510 0.853432 0.371099 0.853958 0.370573 0.890664 0.287984 0.890139
10 0.636040 0.799754 0.713848 0.799624 0.713978 0.834205 0.636170 0.834335
16 0.592136 0.443906 0.674728 0.443906 0.674728 0.480614 0.592136 0.480614
14 0.631040 0.862340 0.713632 0.862340 0.713632 0.899048 0.631040 0.899048
