4 0.549694 0.370103 0.632061 0.373235 0.628936 0.409863 0.546569 0.406732
5 0.310172 0.368879 0.392647 0.367498 0.394035 0.404173 0.311562 0.405554
11 0.289974 0.779213 0.372474 0.779213 0.372474 0.815900 0.289974 0.815900
3 0.186578 0.426877 0.283672 0.434168 0.277277 0.477303 0.180183 0.470011
13 0.186270 0.475102 0.277369 0.482193 0.273037 0.522606 0.181938 0.515512
2 0.726075 0.413343 0.830121 0.404105 0.834289 0.449570 0.730243 0.458810
12 0.733716 0.453461 0.832508 0.445725 0.836159 0.488944 0.737369 0.496681
1 0.338684 0.396368 0.588680 0.395478 0.589569 0.506650 0.339572 0.507540
15 0.292190 0.846711 0.374690 0.846711 0.374690 0.883399 0.292190 0.883399
8 0.730659 0.795161 0.810526 0.808958 0.796742 0.844473 0.716875 0.830675
14 0.619567 0.841374 0.701600 0.841374 0.701600 0.877854 0.619567 0.877854
10 0.616389 0.781044 0.698889 0.781044 0.698889 0.817732 0.616389 0.817732
6 0.527872 0.268476 0.582749 0.220972 0.620030 0.245879 0.565152 0.293382
9 0.164993 0.807426 0.243208 0.790623 0.260034 0.825398 0.181819 0.842202
16 0.550301 0.407955 0.632801 0.408217 0.632545 0.444903 0.550045 0.444641
