4 0.623543 0.348805 0.706043 0.348805 0.706043 0.385514 0.623543 0.385514
5 0.344649 0.350535 0.427149 0.350535 0.427149 0.387244 0.344649 0.387244
11 0.327378 0.768970 0.409878 0.768970 0.409878 0.805677 0.327378 0.805677
3 0.163256 0.394639 0.263098 0.409356 0.249332 0.453801 0.149487 0.439082
13 0.149887 0.440291 0.245488 0.455403 0.233342 0.498063 0.137743 0.482949
2 0.747015 0.404117 0.848313 0.385764 0.861465 0.430486 0.760169 0.448841
1 0.399377 0.344922 0.649377 0.344922 0.649377 0.456158 0.399377 0.456158
15 0.319418 0.822308 0.401915 0.822834 0.401389 0.859540 0.318893 0.859015
10 0.645756 0.770098 0.723477 0.769968 0.723607 0.804549 0.645886 0.804679
14 0.653793 0.829487 0.736293 0.829487 0.736293 0.866195 0.653793 0.866195
9 0.293741 0.679509 0.325329 0.628642 0.376138 0.642697 0.344549 0.693564
8 0.756523 0.609130 0.795887 0.657520 0.747553 0.675036 0.708186 0.626646
16 0.621772 0.387575 0.704272 0.387575 0.704272 0.424283 0.621772 0.424283
