4 0.592756 0.394462 0.675443 0.394462 0.675443 0.431233 0.592756 0.431233
5 0.331407 0.392731 0.414094 0.392731 0.414094 0.429501 0.331407 0.429501
11 0.301048 0.824753 0.383734 0.824753 0.383734 0.861523 0.301048 0.861523
3 0.159521 0.397853 0.256931 0.419087 0.236635 0.462486 0.139222 0.441249
2 0.748978 0.409330 0.848237 0.386084 0.866255 0.430126 0.766996 0.453375
15 0.303600 0.859902 0.386284 0.860429 0.385757 0.897198 0.303074 0.896671
10 0.638170 0.827384 0.716067 0.827254 0.716197 0.861894 0.638300 0.862024
14 0.635766 0.861918 0.718453 0.861918 0.718453 0.898688 0.635766 0.898688
1 0.364461 0.387527 0.615026 0.387527 0.615026 0.498953 0.364461 0.498953
16 0.594593 0.431470 0.677279 0.431470 0.677279 0.468241 0.594593 0.468241
12 0.764247 0.452182 0.856309 0.428610 0.879881 0.469527 0.787819 0.493098
13 0.134020 0.439419 0.239288 0.460414 0.218293 0.507200 0.113025 0.486205
