4 0.596896 0.362999 0.679396 0.362999 0.679396 0.399687 0.596896 0.399687
5 0.325771 0.362998 0.408271 0.362998 0.408271 0.399686 0.325771 0.399686
11 0.310006 0.795637 0.395618 0.795637 0.395618 0.833708 0.310006 0.833708
2 0.754685 0.418030 0.857281 0.403243 0.866914 0.448337 0.764319 0.463128
12 0.766706 0.459121 0.863582 0.444065 0.874455 0.486740 0.777581 0.501797
1 0.381125 0.355973 0.631125 0.355973 0.631125 0.467147 0.381125 0.467147
15 0.306690 0.836079 0.389102 0.838615 0.386569 0.875263 0.304156 0.872728
8 0.794476 0.767343 0.873706 0.782683 0.858373 0.817917 0.779143 0.802573
14 0.637371 0.834447 0.719395 0.833614 0.720223 0.870091 0.638199 0.870922
10 0.634982 0.800135 0.717480 0.800568 0.717037 0.837254 0.634538 0.836821
9 0.152165 0.794856 0.231339 0.779386 0.246799 0.814595 0.167625 0.830064
3 0.116570 0.410343 0.215255 0.415601 0.210010 0.459485 0.111327 0.454225
16 0.596034 0.392903 0.678534 0.392903 0.678534 0.429591 0.596034 0.429591
13 0.120661 0.451020 0.218509 0.459229 0.210299 0.502717 0.112452 0.494508
