4 0.588382 0.370267 0.670882 0.370267 0.670882 0.406934 0.588382 0.406934
5 0.309485 0.368539 0.391985 0.368539 0.391985 0.405206 0.309485 0.405206
11 0.281852 0.804400 0.364352 0.804400 0.364352 0.841066 0.281852 0.841066
13 0.153750 0.458894 0.243617 0.468376 0.236871 0.508293 0.147005 0.498808
2 0.754413 0.397634 0.857009 0.382855 0.866642 0.427924 0.764047 0.442706
12 0.772940 0.445460 0.870872 0.433843 0.878352 0.476818 0.780421 0.488435
1 0.359344 0.364346 0.609344 0.364346 0.609344 0.475457 0.359344 0.475457
15 0.267062 0.858189 0.349505 0.860232 0.347461 0.896873 0.265018 0.894830
8 0.799427 0.798071 0.879823 0.810412 0.867482 0.846144 0.787085 0.833801
14 0.616391 0.864483 0.698424 0.864483 0.698424 0.900942 0.616391 0.900942
10 0.618473 0.807855 0.700973 0.807855 0.700973 0.844522 0.618473 0.844522
9 0.118564 0.802112 0.201064 0.801981 0.201195 0.838648 0.118695 0.838779
3 0.162759 0.415950 0.244061 0.425291 0.234720 0.461425 0.153418 0.452084
16 0.590212 0.401544 0.672712 0.401544 0.672712 0.438211 0.590212 0.438211
