4 0.607583 0.444507 0.708120 0.444507 0.708120 0.481755 0.607583 0.481755
5 0.308754 0.448015 0.409290 0.448015 0.409290 0.485263 0.308754 0.485263
11 0.262451 0.897161 0.362988 0.897161 0.362988 0.934408 0.262451 0.934408
2 0.801324 0.521519 0.923301 0.500119 0.942639 0.545099 0.820663 0.566500
12 0.826451 0.570741 0.942537 0.551350 0.960675 0.594127 0.844590 0.613519
1 0.359405 0.446517 0.664061 0.446517 0.664061 0.559388 0.359405 0.559388
15 0.261899 0.932251 0.362435 0.932251 0.362435 0.969498 0.261899 0.969498
8 0.836148 0.791875 0.936473 0.795500 0.932124 0.832669 0.831798 0.829042
14 0.695768 0.928848 0.795735 0.928848 0.795735 0.965884 0.695768 0.965884
10 0.688642 0.891898 0.789179 0.891898 0.789179 0.929146 0.688642 0.929146
7 0.348024 0.285409 0.428069 0.345604 0.367894 0.381191 0.287847 0.320996
6 0.565957 0.339035 0.612440 0.264792 0.686661 0.285458 0.640177 0.359701
16 0.611287 0.473571 0.715190 0.473571 0.715190 0.519765 0.611287 0.519765
