4 0.561731 0.351269 0.644231 0.351269 0.644231 0.387936 0.561731 0.387936
5 0.316514 0.356450 0.399014 0.356450 0.399014 0.393117 0.316514 0.393117
11 0.307015 0.803774 0.389515 0.803774 0.389515 0.840440 0.307015 0.840440
2 0.717789 0.384919 0.820742 0.371290 0.829240 0.416459 0.726288 0.430091
12 0.733531 0.431356 0.831602 0.420273 0.838554 0.463287 0.740484 0.474371
1 0.348239 0.367222 0.598239 0.367222 0.598239 0.478333 0.348239 0.478333
15 0.309153 0.840043 0.391653 0.840043 0.391653 0.876710 0.309153 0.876710
8 0.739349 0.774033 0.821593 0.778361 0.817265 0.814913 0.735021 0.810584
14 0.617830 0.844841 0.696754 0.829927 0.711669 0.865004 0.632745 0.879918
10 0.607422 0.806376 0.682872 0.793942 0.695306 0.827475 0.619856 0.839909
9 0.168875 0.800857 0.250577 0.793227 0.258207 0.829540 0.176504 0.837170
16 0.559494 0.379969 0.641994 0.379969 0.641994 0.416636 0.559494 0.416636
