4 0.619974 0.352468 0.702030 0.352468 0.702030 0.388970 0.619974 0.388970
5 0.337430 0.354188 0.419486 0.354188 0.419486 0.390690 0.337430 0.390690
11 0.302215 0.797779 0.384270 0.797779 0.384270 0.834280 0.302215 0.834280
3 0.158678 0.390126 0.257101 0.407207 0.240963 0.451035 0.142536 0.433951
13 0.143629 0.443495 0.238761 0.458393 0.226810 0.500828 0.131681 0.485930
2 0.768549 0.410907 0.869301 0.392657 0.882382 0.437128 0.781632 0.455380
1 0.376325 0.357826 0.624978 0.357826 0.624978 0.468438 0.376325 0.468438
15 0.304605 0.855975 0.386657 0.856498 0.386134 0.892998 0.304083 0.892475
10 0.636915 0.790305 0.714217 0.790175 0.714346 0.824562 0.637044 0.824691
14 0.642331 0.852797 0.724387 0.852797 0.724387 0.889298 0.642331 0.889298
9 0.119092 0.780755 0.201145 0.780419 0.201482 0.816919 0.119425 0.817256
8 0.799345 0.781539 0.880310 0.790434 0.871426 0.826450 0.790458 0.817558
16 0.623164 0.387715 0.705220 0.387715 0.705220 0.424217 0.623164 0.424217
