4 0.529688 0.368017 0.614321 0.368017 0.614321 0.405640 0.529688 0.405640
5 0.302050 0.369788 0.386683 0.369788 0.386683 0.407411 0.302050 0.407411
11 0.271309 0.790366 0.355942 0.790366 0.355942 0.827989 0.271309 0.827989
2 0.683942 0.385354 0.790902 0.377076 0.794004 0.423742 0.687045 0.432024
12 0.699064 0.432002 0.798769 0.422013 0.804587 0.465704 0.704882 0.475693
1 0.329601 0.370208 0.586064 0.370208 0.586064 0.484218 0.329601 0.484218
15 0.268948 0.826695 0.353559 0.827941 0.352312 0.865555 0.267700 0.864309
8 0.716544 0.754541 0.801038 0.757768 0.797812 0.795330 0.713317 0.792100
14 0.589299 0.821304 0.673423 0.819771 0.674952 0.857167 0.590829 0.858700
10 0.591533 0.785582 0.676158 0.784842 0.676896 0.822462 0.592271 0.823202
16 0.529160 0.399555 0.613793 0.399555 0.613793 0.437178 0.529160 0.437178
