4 0.588471 0.408263 0.670971 0.408263 0.670971 0.444930 0.588471 0.444930
5 0.294032 0.408263 0.376532 0.408263 0.376532 0.444930 0.294032 0.444930
11 0.294895 0.800790 0.377395 0.800790 0.377395 0.837456 0.294895 0.837456
2 0.739349 0.419461 0.842302 0.405832 0.850800 0.451001 0.747848 0.464633
12 0.754153 0.465621 0.851459 0.451865 0.861052 0.494653 0.763747 0.508409
1 0.356923 0.393969 0.606923 0.393969 0.606923 0.505080 0.356923 0.505080
15 0.294443 0.857314 0.376943 0.857314 0.376943 0.893981 0.294443 0.893981
10 0.628816 0.792967 0.706537 0.792837 0.706667 0.827379 0.628946 0.827509
6 0.547505 0.307324 0.590972 0.260577 0.637720 0.279896 0.594252 0.326643
7 0.404936 0.254602 0.433037 0.306312 0.381325 0.318802 0.353224 0.267090
14 0.623901 0.857315 0.706401 0.857315 0.706401 0.893981 0.623901 0.893981
16 0.595180 0.436395 0.677680 0.436395 0.677680 0.473062 0.595180 0.473062
