4 0.587135 0.351008 0.669385 0.351008 0.669385 0.387592 0.587135 0.387592
5 0.329750 0.352732 0.411999 0.352732 0.411999 0.389316 0.329750 0.389316
11 0.312375 0.773406 0.394624 0.773406 0.394624 0.809989 0.312375 0.809989
3 0.174736 0.396686 0.274275 0.411353 0.260551 0.455648 0.161009 0.440979
13 0.162849 0.444732 0.257365 0.461877 0.243168 0.504105 0.148653 0.486957
2 0.766989 0.395200 0.862304 0.366382 0.885918 0.408984 0.790605 0.437804
12 0.793186 0.435301 0.885158 0.410558 0.905676 0.451497 0.813705 0.476238
1 0.376641 0.344159 0.625882 0.344159 0.625882 0.455020 0.376641 0.455020
15 0.309761 0.826356 0.392007 0.826880 0.391483 0.863463 0.309237 0.862939
10 0.624776 0.772599 0.702261 0.772469 0.702391 0.806933 0.624906 0.807063
14 0.629738 0.824634 0.711988 0.824634 0.711988 0.861218 0.629738 0.861218
9 0.133179 0.786993 0.212211 0.802192 0.197024 0.837345 0.117992 0.822146
8 0.735739 0.621773 0.762162 0.673740 0.710235 0.685493 0.683813 0.633525
16 0.591140 0.387991 0.673389 0.387991 0.673389 0.424574 0.591140 0.424574
