4 0.542111 0.365641 0.626353 0.365641 0.626353 0.403091 0.542111 0.403091
5 0.304944 0.367406 0.389186 0.367406 0.389186 0.404856 0.304944 0.404856
11 0.281899 0.790749 0.366142 0.790749 0.366142 0.828198 0.281899 0.828198
3 0.184716 0.383509 0.288320 0.392125 0.280660 0.438145 0.177050 0.429527
13 0.178632 0.437227 0.278057 0.446144 0.272156 0.490269 0.172733 0.481350
2 0.698140 0.390883 0.801882 0.374535 0.812986 0.420184 0.709245 0.436533
12 0.713789 0.438502 0.813084 0.424249 0.823082 0.467931 0.723788 0.482183
1 0.331969 0.369483 0.587248 0.369483 0.587248 0.482966 0.331969 0.482966
15 0.281661 0.823965 0.365900 0.824501 0.365363 0.861949 0.281125 0.861413
10 0.613255 0.785056 0.692397 0.781102 0.696351 0.816283 0.617209 0.820236
14 0.616922 0.814641 0.701104 0.812529 0.703216 0.849952 0.619034 0.852064
16 0.540863 0.405717 0.625105 0.405717 0.625105 0.443167 0.540863 0.443167
8 0.751455 0.752129 0.833955 0.752129 0.833955 0.788796 0.751455 0.788796
9 0.169647 0.770779 0.250902 0.780296 0.241385 0.816410 0.160130 0.806892
