4 0.561731 0.351269 0.644231 0.351269 0.644231 0.387936 0.561731 0.387936
5 0.316514 0.356450 0.399014 0.356450 0.399014 0.393117 0.316514 0.393117
11 0.307015 0.803774 0.389515 0.803774 0.389515 0.840440 0.307015 0.840440
2 0.717789 0.384919 0.820742 0.371290 0.829240 0.416459 0.726288 0.430091
12 0.733531 0.431356 0.831602 0.420273 0.838554 0.463287 0.740484 0.474371
1 0.348239 0.367222 0.598239 0.367222 0.598239 0.478333 0.348239 0.478333
15 0.309153 0.840043 0.391653 0.840043 0.391653 0.876710 0.309153 0.876710
8 0.739349 0.774033 0.821593 0.778361 0.817265 0.814913 0.735021 0.810584
14 0.612393 0.833815 0.694402 0.832464 0.695753 0.868912 0.613745 0.870263
10 0.612466 0.799692 0.690187 0.799616 0.690262 0.834159 0.612541 0.834235
9 0.171688 0.808628 0.251053 0.793612 0.266070 0.828886 0.186704 0.843903
16 0.559494 0.379969 0.641994 0.379969 0.641994 0.416636 0.559494 0.416636
3 0.123597 0.428309 0.231579 0.431172 0.228716 0.479164 0.120734 0.476301
13 0.124792 0.477764 0.232859 0.477764 0.232859 0.525794 0.124792 0.525794
