4 0.558778 0.343990 0.641278 0.343990 0.641278 0.380678 0.558778 0.380678
5 0.344649 0.347445 0.427149 0.347445 0.427149 0.384133 0.344649 0.384133
11 0.319606 0.803663 0.402106 0.803663 0.402106 0.840350 0.319606 0.840350
1 0.369150 0.362729 0.619150 0.362729 0.619150 0.473903 0.369150 0.473903
15 0.326925 0.843409 0.409425 0.843409 0.409425 0.880096 0.326925 0.880096
8 0.718089 0.765287 0.796953 0.781445 0.780805 0.816514 0.701941 0.800356
14 0.618189 0.836601 0.700222 0.836601 0.700222 0.873080 0.618189 0.873080
10 0.620114 0.798478 0.702614 0.798478 0.702614 0.835166 0.620114 0.835166
9 0.193799 0.797869 0.271969 0.780276 0.289552 0.815039 0.211381 0.832631
7 0.385238 0.245726 0.466199 0.256305 0.455625 0.292309 0.374664 0.281729
6 0.490047 0.257681 0.560002 0.228508 0.589158 0.259616 0.519204 0.288789
16 0.559537 0.371316 0.642037 0.371316 0.642037 0.408004 0.559537 0.408004
12 0.729255 0.449917 0.834716 0.439155 0.845478 0.486026 0.740017 0.496788
2 0.715130 0.398398 0.825252 0.385399 0.838251 0.434342 0.728129 0.447341
3 0.157918 0.419017 0.269433 0.424660 0.263790 0.474222 0.152275 0.468579
13 0.153802 0.474815 0.256582 0.479505 0.251892 0.525185 0.149112 0.520495
