4 0.618925 0.385026 0.703637 0.385026 0.703637 0.422693 0.618925 0.422693
5 0.361815 0.377928 0.446527 0.377928 0.446527 0.415595 0.361815 0.415595
11 0.288147 0.821599 0.372859 0.821599 0.372859 0.859266 0.288147 0.859266
3 0.194458 0.398443 0.300135 0.411961 0.287606 0.458953 0.181928 0.445434
13 0.183089 0.445949 0.274269 0.459525 0.263506 0.500161 0.172327 0.486583
2 0.728624 0.407174 0.834337 0.393174 0.843063 0.439575 0.737351 0.453579
12 0.736808 0.449555 0.837508 0.438169 0.844646 0.482357 0.743947 0.493743
1 0.394389 0.395555 0.651091 0.395555 0.651091 0.509697 0.394389 0.509697
15 0.282379 0.860559 0.367091 0.860559 0.367091 0.898227 0.282379 0.898227
14 0.634663 0.864261 0.718895 0.864261 0.718895 0.901715 0.634663 0.901715
10 0.636648 0.821619 0.721359 0.821619 0.721359 0.859286 0.636648 0.859286
9 0.150660 0.793594 0.234836 0.799937 0.228495 0.837366 0.144319 0.831024
7 0.443439 0.255604 0.519367 0.280658 0.494323 0.314420 0.418396 0.289366
6 0.569624 0.291094 0.641454 0.261142 0.671392 0.293080 0.599562 0.323033
16 0.616896 0.417611 0.701608 0.417611 0.701608 0.455279 0.616896 0.455279
