4 0.608274 0.444048 0.708885 0.444048 0.708885 0.481326 0.608274 0.481326
5 0.309221 0.447558 0.409833 0.447558 0.409833 0.484837 0.309221 0.484837
11 0.262883 0.897076 0.363495 0.897076 0.363495 0.934354 0.262883 0.934354
2 0.802159 0.521123 0.924228 0.499706 0.943581 0.544722 0.821514 0.566142
12 0.827305 0.570386 0.943478 0.550979 0.961630 0.593791 0.845458 0.613199
1 0.349059 0.447869 0.653944 0.447869 0.653944 0.560834 0.349059 0.560834
15 0.262331 0.932195 0.362943 0.932195 0.362943 0.969473 0.262331 0.969473
8 0.837010 0.791703 0.937410 0.795331 0.933057 0.832530 0.832656 0.828901
14 0.696524 0.928789 0.796567 0.928789 0.796567 0.965856 0.696524 0.965856
10 0.689394 0.891809 0.790006 0.891809 0.790006 0.929088 0.689394 0.929088
7 0.348520 0.284818 0.428626 0.345063 0.368405 0.380679 0.288298 0.320435
6 0.566616 0.338489 0.613135 0.264184 0.687411 0.284867 0.640893 0.359171
16 0.608039 0.471383 0.719903 0.471383 0.719903 0.521120 0.608039 0.521120
