4 0.603563 0.384084 0.686063 0.384084 0.686063 0.420751 0.603563 0.420751
5 0.324666 0.384083 0.407166 0.384083 0.407166 0.420750 0.324666 0.420750
11 0.270970 0.857416 0.353470 0.857416 0.353470 0.894082 0.270970 0.894082
13 0.134190 0.471666 0.222068 0.487385 0.209073 0.526609 0.121197 0.510887
2 0.777366 0.418359 0.879962 0.403580 0.889595 0.448649 0.787000 0.463431
12 0.785531 0.464458 0.883463 0.452841 0.890943 0.495816 0.793012 0.507433
1 0.382454 0.383553 0.632454 0.383553 0.632454 0.494664 0.382454 0.494664
15 0.274340 0.889561 0.356752 0.892095 0.354219 0.928722 0.271806 0.926189
8 0.793883 0.794617 0.874279 0.806958 0.861938 0.842690 0.781541 0.830347
14 0.645074 0.880497 0.727107 0.880497 0.727107 0.916956 0.645074 0.916956
10 0.644487 0.850455 0.726987 0.850455 0.726987 0.887122 0.644487 0.887122
9 0.128564 0.802112 0.211064 0.801981 0.211195 0.838648 0.128695 0.838779
3 0.151361 0.426967 0.230297 0.442959 0.214305 0.478042 0.135369 0.462050
16 0.607680 0.416480 0.690180 0.416480 0.690180 0.453147 0.607680 0.453147
