4 0.603563 0.384084 0.686063 0.384084 0.686063 0.420751 0.603563 0.420751
5 0.324666 0.384083 0.407166 0.384083 0.407166 0.420750 0.324666 0.420750
11 0.284315 0.807594 0.366815 0.807594 0.366815 0.844260 0.284315 0.844260
13 0.134190 0.471666 0.222068 0.487385 0.209073 0.526609 0.121197 0.510887
2 0.777366 0.418359 0.879962 0.403580 0.889595 0.448649 0.787000 0.463431
12 0.785531 0.464458 0.883463 0.452841 0.890943 0.495816 0.793012 0.507433
1 0.382454 0.383553 0.632454 0.383553 0.632454 0.494664 0.382454 0.494664
15 0.282347 0.855753 0.364759 0.858287 0.362226 0.894914 0.279813 0.892381
8 0.793883 0.794617 0.874279 0.806958 0.861938 0.842690 0.781541 0.830347
14 0.621053 0.853807 0.703086 0.853807 0.703086 0.890266 0.621053 0.890266
10 0.623135 0.797074 0.705635 0.797074 0.705635 0.833741 0.623135 0.833741
9 0.128564 0.802112 0.211064 0.801981 0.211195 0.838648 0.128695 0.838779
3 0.151361 0.426967 0.230297 0.442959 0.214305 0.478042 0.135369 0.462050
16 0.607680 0.416480 0.690180 0.416480 0.690180 0.453147 0.607680 0.453147
