4 0.600537 0.348068 0.683217 0.348068 0.683217 0.384818 0.600537 0.384818
5 0.341805 0.349800 0.424485 0.349800 0.424485 0.386550 0.341805 0.386550
11 0.316708 0.776000 0.399388 0.776000 0.399388 0.812749 0.316708 0.812749
3 0.164795 0.385569 0.265058 0.399676 0.251889 0.444256 0.151623 0.430147
13 0.157442 0.432461 0.254283 0.444311 0.245398 0.487379 0.148556 0.475527
2 0.763296 0.390462 0.867316 0.380023 0.872657 0.425512 0.768637 0.435951
12 0.770539 0.436388 0.869097 0.426415 0.874945 0.469600 0.776389 0.479573
1 0.383828 0.351888 0.634372 0.351888 0.634372 0.463251 0.383828 0.463251
15 0.319037 0.830764 0.401714 0.831290 0.401187 0.868038 0.318511 0.867512
10 0.635780 0.771569 0.713670 0.771438 0.713800 0.806059 0.635910 0.806189
14 0.641237 0.831026 0.723917 0.831026 0.723917 0.867775 0.641237 0.867775
9 0.127291 0.800889 0.209584 0.795556 0.214915 0.832134 0.132623 0.837466
8 0.790327 0.790706 0.863796 0.799274 0.855230 0.831930 0.781760 0.823362
16 0.599574 0.385219 0.682254 0.385219 0.682254 0.421968 0.599574 0.421968
