4 0.596896 0.362999 0.679396 0.362999 0.679396 0.399687 0.596896 0.399687
5 0.325771 0.362998 0.408271 0.362998 0.408271 0.399686 0.325771 0.399686
11 0.311562 0.796329 0.394062 0.796329 0.394062 0.833016 0.311562 0.833016
2 0.760023 0.418030 0.862619 0.403243 0.872252 0.448337 0.769657 0.463128
12 0.777382 0.460900 0.874258 0.445844 0.885131 0.488519 0.788257 0.503576
1 0.381125 0.355973 0.631125 0.355973 0.631125 0.467147 0.381125 0.467147
15 0.304021 0.827182 0.386433 0.829718 0.383900 0.866366 0.301487 0.863831
8 0.794476 0.767343 0.873706 0.782683 0.858373 0.817917 0.779143 0.802573
14 0.643811 0.826240 0.725819 0.827594 0.724459 0.864063 0.642451 0.862708
10 0.637651 0.782341 0.720149 0.782774 0.719706 0.819460 0.637207 0.819027
9 0.152165 0.794856 0.231339 0.779386 0.246799 0.814595 0.167625 0.830064
3 0.136619 0.407331 0.232659 0.423346 0.216652 0.466056 0.120613 0.450039
16 0.596034 0.392903 0.678534 0.392903 0.678534 0.429591 0.596034 0.429591
13 0.119011 0.455543 0.215345 0.469614 0.201273 0.512429 0.104940 0.498358
