4 0.676660 0.349762 0.758647 0.349762 0.758647 0.386223 0.676660 0.386223
5 0.407222 0.351478 0.489209 0.351478 0.489209 0.387939 0.407222 0.387939
11 0.369461 0.808311 0.451448 0.808311 0.451448 0.844771 0.369461 0.844771
3 0.224209 0.348342 0.311272 0.386462 0.274051 0.425425 0.186989 0.387304
13 0.183374 0.385899 0.259302 0.418652 0.229070 0.453132 0.153144 0.420377
1 0.458957 0.353343 0.707402 0.353343 0.707402 0.463830 0.458957 0.463830
15 0.374161 0.842659 0.456148 0.842659 0.456148 0.879120 0.374161 0.879120
8 0.801511 0.792499 0.879885 0.808557 0.863837 0.843410 0.785464 0.827351
14 0.673912 0.834176 0.755435 0.834176 0.755435 0.870430 0.673912 0.870430
10 0.678400 0.803158 0.760387 0.803158 0.760387 0.839619 0.678400 0.839619
9 0.294396 0.645152 0.327027 0.594979 0.377170 0.609491 0.344539 0.659664
7 0.501448 0.229673 0.570413 0.259247 0.540856 0.289918 0.471891 0.260343
6 0.603907 0.259349 0.678874 0.237207 0.701003 0.270545 0.626036 0.292688
16 0.677933 0.381803 0.759921 0.381803 0.759921 0.418263 0.677933 0.418263
