4 0.587873 0.370623 0.670286 0.370623 0.670286 0.407269 0.587873 0.407269
5 0.309269 0.368896 0.391682 0.368896 0.391682 0.405542 0.309269 0.405542
11 0.281665 0.804510 0.364078 0.804510 0.364078 0.841156 0.281665 0.841156
13 0.153698 0.459200 0.243470 0.468676 0.236731 0.508571 0.146960 0.499091
2 0.753729 0.397974 0.856217 0.383203 0.865840 0.428247 0.763353 0.443021
12 0.772236 0.445773 0.870065 0.434163 0.877538 0.477113 0.779710 0.488724
1 0.351077 0.362926 0.600814 0.362926 0.600814 0.473974 0.351077 0.473974
15 0.273223 0.853473 0.353448 0.866055 0.340873 0.901728 0.260647 0.889146
8 0.798696 0.798185 0.879007 0.810519 0.866679 0.846231 0.786367 0.833895
14 0.615852 0.864560 0.697799 0.864560 0.697799 0.900998 0.615852 0.900998
10 0.617932 0.807963 0.700345 0.807963 0.700345 0.844610 0.617932 0.844610
9 0.118549 0.802224 0.200962 0.802093 0.201093 0.838739 0.118679 0.838870
3 0.162697 0.416280 0.243914 0.425616 0.234582 0.461729 0.153366 0.452393
16 0.589701 0.401882 0.672114 0.401882 0.672114 0.438528 0.589701 0.438528
