4 0.619974 0.352832 0.702030 0.352832 0.702030 0.389313 0.619974 0.389313
5 0.342583 0.354551 0.424639 0.354551 0.424639 0.391032 0.342583 0.391032
11 0.320252 0.787582 0.402308 0.787582 0.402308 0.824063 0.320252 0.824063
3 0.169212 0.393286 0.264646 0.416719 0.242137 0.459253 0.146700 0.435818
13 0.150578 0.440487 0.241833 0.463791 0.221420 0.504742 0.130167 0.481437
2 0.760585 0.423267 0.861337 0.405027 0.874418 0.449473 0.773668 0.467715
12 0.774158 0.463072 0.870875 0.449187 0.880614 0.491739 0.783898 0.505623
1 0.376169 0.354179 0.624822 0.354179 0.624822 0.464728 0.376169 0.464728
15 0.309758 0.849183 0.391810 0.849705 0.391287 0.886185 0.309236 0.885662
10 0.629185 0.780112 0.706487 0.779983 0.706616 0.814350 0.629314 0.814479
14 0.632024 0.846007 0.714080 0.846007 0.714080 0.882488 0.632024 0.882488
9 0.116857 0.785008 0.198811 0.782285 0.201533 0.818721 0.119578 0.821444
8 0.785961 0.783357 0.868016 0.783583 0.867791 0.820064 0.785735 0.819839
16 0.620689 0.389711 0.702744 0.389711 0.702744 0.426192 0.620689 0.426192
