4 0.594213 0.369910 0.676713 0.369910 0.676713 0.406598 0.594213 0.406598
5 0.320500 0.373367 0.403000 0.373367 0.403000 0.410055 0.320500 0.410055
11 0.282268 0.800468 0.364768 0.800468 0.364768 0.837155 0.282268 0.837155
3 0.163279 0.408639 0.261379 0.427871 0.243088 0.471558 0.144986 0.452325
13 0.141126 0.449694 0.235389 0.468164 0.219867 0.510308 0.125606 0.491839
2 0.750082 0.412441 0.849118 0.389247 0.867095 0.433190 0.768060 0.456386
1 0.364708 0.373150 0.614708 0.373150 0.614708 0.484324 0.364708 0.484324
15 0.287496 0.853515 0.369993 0.854041 0.369467 0.890726 0.286971 0.890201
10 0.618937 0.801804 0.696658 0.801674 0.696788 0.836235 0.619067 0.836366
16 0.590783 0.444220 0.673283 0.444220 0.673283 0.480908 0.590783 0.480908
