4 0.595161 0.370976 0.676851 0.378199 0.669629 0.414506 0.587939 0.407284
5 0.327154 0.372437 0.409470 0.369881 0.412025 0.406468 0.329709 0.409023
11 0.303129 0.790194 0.385534 0.790194 0.385534 0.826819 0.303129 0.826819
3 0.176815 0.378973 0.274237 0.404492 0.249658 0.447913 0.152236 0.422393
13 0.165586 0.420352 0.248518 0.445132 0.226386 0.482445 0.143456 0.457662
2 0.742977 0.408165 0.846603 0.397549 0.852136 0.442873 0.748510 0.453490
1 0.349344 0.398149 0.598635 0.407824 0.588959 0.518623 0.339670 0.508947
15 0.302676 0.847124 0.385081 0.847124 0.385081 0.883749 0.302676 0.883749
14 0.635008 0.848954 0.716947 0.848954 0.716947 0.885372 0.635008 0.885372
10 0.634344 0.783294 0.716749 0.783294 0.716749 0.819919 0.634344 0.819919
7 0.423046 0.242606 0.443093 0.295894 0.389807 0.304804 0.369760 0.251517
6 0.537430 0.289267 0.580523 0.242440 0.627349 0.261593 0.584256 0.308420
16 0.589060 0.406832 0.671099 0.412003 0.665927 0.448468 0.583888 0.443294
12 0.747064 0.451103 0.853325 0.444731 0.859697 0.491957 0.753437 0.498330
