4 0.580281 0.397925 0.663061 0.397925 0.663061 0.434696 0.580281 0.434696
5 0.352430 0.394462 0.435210 0.394462 0.435210 0.431233 0.352430 0.431233
11 0.298708 0.803532 0.381488 0.803532 0.381488 0.840302 0.298708 0.840302
3 0.152443 0.406077 0.249404 0.428417 0.227979 0.471580 0.131015 0.449237
2 0.749675 0.411109 0.849047 0.387862 0.867085 0.431904 0.767714 0.455153
1 0.376385 0.387369 0.627233 0.387369 0.627233 0.498795 0.376385 0.498795
15 0.295920 0.854601 0.378696 0.855128 0.378168 0.891896 0.295393 0.891370
10 0.641403 0.813269 0.719387 0.813139 0.719518 0.847779 0.641533 0.847909
14 0.641748 0.858433 0.724528 0.858433 0.724528 0.895203 0.641748 0.895203
16 0.585125 0.434797 0.667904 0.434797 0.667904 0.471568 0.585125 0.471568
