4 0.593581 0.363287 0.676256 0.363287 0.676256 0.400058 0.593581 0.400058
5 0.301111 0.359823 0.383786 0.359823 0.383786 0.396593 0.301111 0.396593
11 0.286007 0.820324 0.368682 0.820324 0.368682 0.857094 0.286007 0.857094
13 0.132337 0.448439 0.221089 0.462380 0.209895 0.501966 0.121144 0.488022
2 0.734003 0.394196 0.836817 0.379375 0.846470 0.424571 0.743658 0.439394
12 0.750653 0.438483 0.846811 0.420955 0.860122 0.463422 0.763966 0.480950
1 0.361382 0.359658 0.611913 0.359658 0.611913 0.471084 0.361382 0.471084
15 0.288385 0.855911 0.371060 0.855911 0.371060 0.892682 0.288385 0.892682
8 0.784306 0.804428 0.864872 0.816803 0.852505 0.852636 0.771937 0.840259
14 0.626999 0.857539 0.709206 0.857539 0.709206 0.894101 0.626999 0.894101
10 0.626411 0.823789 0.709086 0.823789 0.709086 0.860560 0.626411 0.860560
9 0.135723 0.818805 0.216125 0.805962 0.228960 0.841722 0.148557 0.854565
3 0.147036 0.408582 0.228185 0.419128 0.217647 0.455220 0.136497 0.444674
16 0.600404 0.388199 0.683080 0.388199 0.683080 0.424970 0.600404 0.424970
