4 0.601677 0.348805 0.684265 0.348805 0.684265 0.385513 0.601677 0.385513
5 0.343232 0.350535 0.425820 0.350535 0.425820 0.387243 0.343232 0.387243
11 0.304817 0.770900 0.387406 0.770900 0.387406 0.807607 0.304817 0.807607
3 0.145468 0.376822 0.240960 0.401394 0.217309 0.443952 0.121815 0.419378
13 0.139881 0.412133 0.230944 0.436903 0.209066 0.477805 0.118005 0.453033
2 0.764255 0.391151 0.868160 0.380724 0.873496 0.426161 0.769591 0.436589
12 0.771491 0.437026 0.869939 0.427063 0.875781 0.470200 0.777334 0.480161
1 0.377192 0.352621 0.627459 0.352621 0.627459 0.463858 0.377192 0.463858
15 0.304780 0.827748 0.387365 0.828274 0.386838 0.864980 0.304254 0.864455
10 0.637182 0.766891 0.714986 0.766761 0.715116 0.801342 0.637312 0.801472
14 0.642484 0.817385 0.725072 0.817385 0.725072 0.854092 0.642484 0.854092
9 0.147775 0.739908 0.225221 0.720781 0.244345 0.755204 0.166899 0.774330
8 0.785145 0.814644 0.866498 0.824131 0.857012 0.860291 0.775658 0.850803
16 0.605698 0.382590 0.688286 0.382590 0.688286 0.419298 0.605698 0.419298
