4 0.598562 0.382007 0.681062 0.382007 0.681062 0.418695 0.598562 0.418695
5 0.330029 0.378551 0.412529 0.378551 0.412529 0.415239 0.330029 0.415239
11 0.302395 0.815761 0.384895 0.815761 0.384895 0.852448 0.302395 0.852448
3 0.146110 0.419587 0.250100 0.428228 0.242420 0.474433 0.138429 0.465791
2 0.746849 0.432958 0.849802 0.419321 0.858300 0.464515 0.755348 0.478155
1 0.385383 0.375298 0.635383 0.375298 0.635383 0.486472 0.385383 0.486472
15 0.301943 0.879698 0.384443 0.879698 0.384443 0.916386 0.301943 0.916386
10 0.613000 0.813431 0.690721 0.813301 0.690851 0.847862 0.613130 0.847992
14 0.619938 0.875754 0.704639 0.875754 0.704639 0.913419 0.619938 0.913419
9 0.155590 0.803761 0.233159 0.785021 0.251889 0.819515 0.174320 0.838256
8 0.769307 0.809455 0.851330 0.815364 0.845426 0.851838 0.763403 0.845931
16 0.597701 0.409508 0.680201 0.409508 0.680201 0.446196 0.597701 0.446196
