4 0.599395 0.381657 0.681895 0.381657 0.681895 0.418366 0.599395 0.418366
5 0.317517 0.378199 0.400017 0.378199 0.400017 0.414908 0.317517 0.414908
11 0.292552 0.824554 0.375052 0.824554 0.375052 0.861261 0.292552 0.861261
3 0.143121 0.420123 0.243837 0.428497 0.236399 0.473272 0.135682 0.464897
1 0.378209 0.396302 0.628209 0.396302 0.628209 0.507538 0.378209 0.507538
15 0.294769 0.886747 0.377269 0.886747 0.377269 0.923455 0.294769 0.923455
10 0.637854 0.815104 0.715575 0.814974 0.715705 0.849555 0.637984 0.849685
14 0.636785 0.881022 0.721486 0.881022 0.721486 0.918708 0.636785 0.918708
9 0.152818 0.805252 0.233167 0.792740 0.245650 0.828487 0.165302 0.840999
8 0.764802 0.782658 0.846825 0.788569 0.840921 0.825064 0.758898 0.819154
16 0.598534 0.409174 0.681034 0.409174 0.681034 0.445883 0.598534 0.445883
12 0.743410 0.463835 0.838333 0.454830 0.847338 0.497019 0.752414 0.506023
2 0.733620 0.424995 0.826892 0.416112 0.835775 0.457567 0.742503 0.466450
13 0.138307 0.463306 0.237826 0.471111 0.230021 0.515342 0.130501 0.507537
