4 0.604034 0.379148 0.685962 0.379148 0.685962 0.415609 0.604034 0.415609
5 0.330683 0.373932 0.412612 0.373932 0.412612 0.410393 0.330683 0.410393
11 0.286975 0.799116 0.368904 0.799116 0.368904 0.835576 0.286975 0.835576
10 0.617064 0.793770 0.698992 0.793770 0.698992 0.830230 0.617064 0.830230
3 0.161661 0.389882 0.264198 0.407083 0.247017 0.452712 0.144480 0.435510
2 0.736703 0.408741 0.837660 0.395668 0.850726 0.440597 0.749772 0.453671
1 0.389329 0.407743 0.637597 0.407743 0.637597 0.518229 0.389329 0.518229
15 0.288730 0.859615 0.370658 0.859615 0.370658 0.896054 0.288730 0.896054
16 0.581289 0.454776 0.683915 0.454776 0.683915 0.500422 0.581289 0.500422
12 0.748090 0.455248 0.848423 0.439662 0.864010 0.484254 0.763676 0.499840
13 0.147800 0.433679 0.250559 0.453035 0.231204 0.498705 0.128445 0.479350
