4 0.618925 0.385026 0.703637 0.385026 0.703637 0.422693 0.618925 0.422693
5 0.361815 0.377928 0.446527 0.377928 0.446527 0.415595 0.361815 0.415595
11 0.309499 0.782453 0.394211 0.782453 0.394211 0.820120 0.309499 0.820120
3 0.194458 0.398443 0.300135 0.411961 0.287606 0.458953 0.181928 0.445434
13 0.183089 0.445949 0.274269 0.459525 0.263506 0.500161 0.172327 0.486583
2 0.728624 0.407174 0.834337 0.393174 0.843063 0.439575 0.737351 0.453579
12 0.736808 0.449555 0.837508 0.438169 0.844646 0.482357 0.743947 0.493743
1 0.394389 0.395555 0.651091 0.395555 0.651091 0.509697 0.394389 0.509697
15 0.298393 0.846324 0.383105 0.846324 0.383105 0.883992 0.298393 0.883992
14 0.648008 0.834012 0.732240 0.834012 0.732240 0.871466 0.648008 0.871466
10 0.647324 0.775356 0.732035 0.775356 0.732035 0.813023 0.647324 0.813023
9 0.150660 0.793594 0.234836 0.799937 0.228495 0.837366 0.144319 0.831024
7 0.446108 0.246707 0.522036 0.271761 0.496992 0.305523 0.421065 0.280469
6 0.572293 0.289315 0.644123 0.259363 0.674061 0.291301 0.602231 0.321254
16 0.616896 0.417611 0.701608 0.417611 0.701608 0.455279 0.616896 0.455279
