4 0.546927 0.369534 0.631067 0.369534 0.631067 0.406962 0.546927 0.406962
5 0.320618 0.371297 0.404757 0.371297 0.404757 0.408725 0.320618 0.408725
11 0.289812 0.778430 0.373954 0.778650 0.373752 0.816077 0.289611 0.815857
3 0.184755 0.415769 0.288815 0.420291 0.285243 0.466504 0.181180 0.461980
13 0.186019 0.460622 0.284790 0.462618 0.285740 0.506279 0.186971 0.504280
2 0.709075 0.394995 0.806112 0.384848 0.811486 0.427335 0.714449 0.437483
12 0.716154 0.440020 0.815621 0.426715 0.824676 0.470463 0.725209 0.483764
1 0.355615 0.375293 0.610584 0.375293 0.610584 0.488711 0.355615 0.488711
10 0.613009 0.775305 0.692243 0.776801 0.690738 0.812045 0.611503 0.810549
14 0.615036 0.807347 0.699176 0.807347 0.699176 0.844774 0.615036 0.844774
9 0.172268 0.780054 0.246308 0.788580 0.237787 0.821516 0.163747 0.812987
8 0.753782 0.751193 0.834495 0.751007 0.834679 0.786911 0.753966 0.787097
15 0.286953 0.814361 0.371093 0.814361 0.371093 0.851790 0.286953 0.851790
16 0.545474 0.402672 0.629613 0.402672 0.629613 0.440099 0.545474 0.440099
