4 0.588380 0.373721 0.670880 0.373721 0.670880 0.410388 0.588380 0.410388
5 0.317258 0.371994 0.399758 0.371994 0.399758 0.408661 0.317258 0.408661
11 0.291949 0.790984 0.372197 0.803746 0.359435 0.839412 0.279187 0.826650
3 0.145077 0.427330 0.246475 0.436100 0.238637 0.481132 0.137236 0.472359
13 0.143265 0.472847 0.238970 0.482919 0.231813 0.525429 0.136110 0.515354
2 0.766754 0.419410 0.868690 0.402725 0.880209 0.447597 0.778274 0.464284
12 0.784225 0.463785 0.880504 0.447124 0.892975 0.489582 0.796697 0.506241
1 0.367117 0.373869 0.617117 0.373869 0.617117 0.484980 0.367117 0.484980
15 0.273082 0.851637 0.354633 0.859959 0.346310 0.896204 0.264760 0.887882
10 0.620954 0.799719 0.698675 0.799589 0.698805 0.834131 0.621084 0.834261
14 0.616040 0.865950 0.698540 0.865950 0.698540 0.902616 0.616040 0.902616
9 0.107707 0.802222 0.189544 0.795258 0.196508 0.831630 0.114670 0.838593
8 0.794419 0.796248 0.875905 0.804843 0.867308 0.841059 0.785822 0.832464
16 0.590212 0.408182 0.672712 0.408182 0.672712 0.444849 0.590212 0.444849
