4 0.623904 0.372302 0.706584 0.372302 0.706584 0.409053 0.623904 0.409053
5 0.344401 0.367110 0.427081 0.367110 0.427081 0.403860 0.344401 0.403860
11 0.314322 0.775209 0.396992 0.776059 0.396143 0.812805 0.313472 0.811955
3 0.148477 0.415357 0.250097 0.424147 0.242242 0.469281 0.140619 0.460488
13 0.143993 0.462756 0.239906 0.472851 0.232734 0.515457 0.136822 0.505359
2 0.765553 0.413059 0.869511 0.402342 0.875124 0.447816 0.771168 0.458535
1 0.383748 0.363795 0.634294 0.363795 0.634294 0.475158 0.383748 0.475158
10 0.638593 0.778493 0.716484 0.778363 0.716614 0.812983 0.638723 0.813114
14 0.638716 0.829138 0.721396 0.829138 0.721396 0.865887 0.638716 0.865887
9 0.122689 0.810619 0.203871 0.800168 0.214321 0.836252 0.133138 0.846702
8 0.786256 0.790594 0.867920 0.799208 0.859304 0.835506 0.777640 0.826892
15 0.316327 0.834217 0.399008 0.834217 0.399008 0.870967 0.316327 0.870967
16 0.627017 0.405179 0.709697 0.405179 0.709697 0.441928 0.627017 0.441928
13 0.769852 0.459969 0.871704 0.452059 0.879615 0.497326 0.777762 0.505237
