4 0.537404 0.368533 0.619332 0.375000 0.612870 0.411433 0.530941 0.404967
5 0.291921 0.365285 0.373927 0.371299 0.367916 0.407767 0.285911 0.401753
11 0.302486 0.788110 0.384986 0.788110 0.384986 0.824797 0.302486 0.824797
3 0.182456 0.425049 0.286592 0.432868 0.279733 0.479131 0.175597 0.471311
13 0.188106 0.475102 0.279205 0.482193 0.274873 0.522606 0.183774 0.515512
2 0.725242 0.413343 0.829288 0.404105 0.833456 0.449570 0.729410 0.458810
12 0.732883 0.453461 0.831675 0.445725 0.835326 0.488944 0.736536 0.496681
1 0.329844 0.385692 0.579840 0.384802 0.580729 0.495974 0.330732 0.496864
15 0.302033 0.852049 0.384533 0.852049 0.384533 0.888737 0.302033 0.888737
8 0.751862 0.809347 0.829619 0.827738 0.811239 0.862316 0.733482 0.843924
14 0.634748 0.855609 0.716781 0.855609 0.716781 0.892089 0.634748 0.892089
10 0.628901 0.786382 0.711401 0.786382 0.711401 0.823070 0.628901 0.823070
6 0.508356 0.259579 0.563233 0.212075 0.600514 0.236982 0.545636 0.284485
9 0.176028 0.805958 0.255863 0.819834 0.241995 0.855336 0.162160 0.841460
16 0.531392 0.401510 0.613354 0.407783 0.607084 0.444231 0.525121 0.437957
