4 0.595685 0.391705 0.678737 0.391705 0.678737 0.428644 0.595685 0.428644
5 0.333181 0.389966 0.416233 0.389966 0.416233 0.426904 0.333181 0.426904
11 0.305362 0.779703 0.388414 0.779703 0.388414 0.816640 0.305362 0.816640
3 0.171544 0.381880 0.264988 0.410678 0.237121 0.452392 0.143675 0.423590
13 0.148393 0.423454 0.238847 0.450139 0.215067 0.490851 0.124616 0.464168
2 0.747258 0.415545 0.846957 0.392193 0.865054 0.436436 0.765357 0.459790
15 0.299956 0.842075 0.383005 0.842604 0.382475 0.879540 0.299427 0.879011
10 0.622957 0.782657 0.701198 0.782526 0.701329 0.817323 0.623088 0.817454
14 0.623224 0.842261 0.706275 0.842261 0.706275 0.879198 0.623224 0.879198
1 0.369067 0.382945 0.620739 0.382945 0.620739 0.494878 0.369067 0.494878
16 0.595022 0.433897 0.678074 0.433897 0.678074 0.470835 0.595022 0.470835
12 0.770298 0.457990 0.866881 0.435027 0.889844 0.477953 0.793261 0.500916
