4 0.609917 0.444048 0.710535 0.444048 0.710535 0.481326 0.609917 0.481326
5 0.310845 0.447558 0.411463 0.447558 0.411463 0.484837 0.310845 0.484837
11 0.264504 0.897076 0.365122 0.897076 0.365122 0.934354 0.264504 0.934354
2 0.803815 0.521123 0.925892 0.499706 0.945246 0.544722 0.823171 0.566142
12 0.828963 0.570386 0.945144 0.550979 0.963296 0.593791 0.847117 0.613199
1 0.361537 0.437015 0.666441 0.437015 0.666441 0.549980 0.361537 0.549980
15 0.263951 0.932195 0.364570 0.932195 0.364570 0.969473 0.263951 0.969473
8 0.838668 0.791703 0.939075 0.795331 0.934722 0.832530 0.834314 0.828901
14 0.698173 0.928789 0.798222 0.928789 0.798222 0.965856 0.698173 0.965856
10 0.691042 0.891809 0.791661 0.891809 0.791661 0.929088 0.691042 0.929088
7 0.350147 0.284818 0.430257 0.345063 0.370033 0.380679 0.289921 0.320435
6 0.568257 0.338489 0.614778 0.264184 0.689059 0.284867 0.642538 0.359171
16 0.609930 0.473181 0.706125 0.473181 0.706125 0.515948 0.609930 0.515948
