4 0.595450 0.408597 0.677860 0.408597 0.677860 0.445243 0.595450 0.445243
5 0.301330 0.408597 0.383741 0.408597 0.383741 0.445243 0.301330 0.445243
11 0.268550 0.852217 0.350960 0.852217 0.350960 0.888863 0.268550 0.888863
2 0.746164 0.433598 0.849006 0.419977 0.857494 0.465120 0.754654 0.478744
12 0.758364 0.478006 0.855564 0.464258 0.865147 0.507022 0.767948 0.520770
1 0.342824 0.408538 0.592553 0.408538 0.592553 0.519586 0.342824 0.519586
15 0.268098 0.919535 0.350509 0.919535 0.350509 0.956182 0.268098 0.956182
10 0.638339 0.849890 0.715976 0.849760 0.716106 0.884282 0.638469 0.884412
6 0.562860 0.334809 0.589497 0.282791 0.641489 0.294636 0.614852 0.346654
7 0.387600 0.281744 0.429355 0.329133 0.381990 0.347702 0.340232 0.300311
14 0.641193 0.919536 0.723604 0.919536 0.723604 0.956182 0.641193 0.956182
16 0.594692 0.435055 0.677102 0.435055 0.677102 0.471701 0.594692 0.471701
3 0.132706 0.438564 0.223732 0.453365 0.208931 0.493821 0.117905 0.479020
13 0.122860 0.466693 0.221831 0.485762 0.202762 0.529748 0.103792 0.510680
