4 0.558868 0.387192 0.641368 0.387192 0.641368 0.423880 0.558868 0.423880
5 0.308470 0.387192 0.390970 0.387192 0.390970 0.423880 0.308470 0.423880
11 0.278245 0.807120 0.360745 0.807120 0.360745 0.843807 0.278245 0.843807
3 0.135120 0.414086 0.238038 0.427252 0.225836 0.473022 0.122917 0.459855
13 0.129230 0.460356 0.218030 0.473580 0.207548 0.513159 0.118749 0.499933
2 0.727880 0.401852 0.830833 0.388215 0.839331 0.433410 0.736379 0.447050
12 0.742684 0.449766 0.839990 0.436002 0.849583 0.478815 0.752278 0.492578
1 0.347340 0.392578 0.597340 0.392578 0.597340 0.503752 0.347340 0.503752
15 0.282974 0.864145 0.365474 0.864145 0.365474 0.900833 0.282974 0.900833
10 0.606985 0.799606 0.684706 0.799476 0.684836 0.834037 0.607115 0.834167
6 0.477491 0.266947 0.550937 0.241883 0.575988 0.274543 0.502542 0.299608
7 0.368123 0.242931 0.433729 0.276296 0.400383 0.305472 0.334775 0.272107
14 0.617614 0.860690 0.700114 0.860690 0.700114 0.897377 0.617614 0.897377
16 0.559526 0.419472 0.642026 0.419472 0.642026 0.456159 0.559526 0.456159
9 0.138067 0.801003 0.218736 0.789479 0.230260 0.825332 0.149591 0.836856
8 0.800569 0.759527 0.882428 0.766368 0.875587 0.802750 0.793728 0.795909
