4 0.591631 0.376539 0.673687 0.376539 0.673687 0.413041 0.591631 0.413041
5 0.321970 0.374820 0.404025 0.374820 0.404025 0.411322 0.321970 0.411322
11 0.297061 0.785743 0.379116 0.785743 0.379116 0.822244 0.297061 0.822244
3 0.159591 0.403201 0.258896 0.417835 0.245204 0.462031 0.145897 0.447395
13 0.150309 0.454578 0.244602 0.471685 0.230438 0.513817 0.136146 0.496709
2 0.753584 0.399671 0.854970 0.383061 0.866427 0.427732 0.765042 0.444343
12 0.770961 0.452443 0.866721 0.435857 0.879125 0.478124 0.783365 0.494708
1 0.357976 0.376894 0.606629 0.376894 0.606629 0.487505 0.357976 0.487505
15 0.299451 0.852537 0.381503 0.853060 0.380980 0.889560 0.298929 0.889038
10 0.642067 0.792023 0.719369 0.791894 0.719498 0.826280 0.642196 0.826410
14 0.644908 0.847641 0.726964 0.847641 0.726964 0.884142 0.644908 0.884142
9 0.121301 0.786290 0.203341 0.785206 0.204425 0.821700 0.122384 0.822784
16 0.595929 0.412497 0.677984 0.412497 0.677984 0.448999 0.595929 0.448999
