4 0.625018 0.373012 0.707606 0.373012 0.707606 0.409721 0.625018 0.409721
5 0.330265 0.371283 0.412853 0.371283 0.412853 0.407992 0.330265 0.407992
11 0.302575 0.766829 0.385153 0.767678 0.384304 0.804383 0.301726 0.803534
3 0.145311 0.399282 0.241082 0.423366 0.217921 0.466044 0.122148 0.441957
2 0.763267 0.416342 0.866715 0.404058 0.873879 0.449383 0.770432 0.461669
10 0.639774 0.763192 0.717578 0.763062 0.717708 0.797643 0.639904 0.797773
14 0.642166 0.819058 0.724754 0.819058 0.724754 0.855766 0.642166 0.855766
9 0.149980 0.737634 0.226324 0.716629 0.247327 0.750562 0.170982 0.771566
8 0.786622 0.801552 0.867302 0.813318 0.855535 0.849178 0.774855 0.837412
15 0.304961 0.822516 0.387549 0.822516 0.387549 0.859225 0.304961 0.859225
16 0.628127 0.407512 0.710715 0.407512 0.710715 0.444221 0.628127 0.444221
1 0.370718 0.372561 0.620984 0.372561 0.620984 0.483797 0.370718 0.483797
12 0.774639 0.462753 0.875863 0.453113 0.885504 0.498101 0.784279 0.507742
13 0.130038 0.436765 0.224785 0.460627 0.200923 0.502737 0.106176 0.478875
