4 0.587872 0.370623 0.670285 0.370623 0.670285 0.407269 0.587872 0.407269
5 0.309269 0.368896 0.391682 0.368896 0.391682 0.405542 0.309269 0.405542
11 0.281665 0.804510 0.364078 0.804510 0.364078 0.841156 0.281665 0.841156
13 0.153697 0.459200 0.243470 0.468676 0.236731 0.508571 0.146960 0.499091
2 0.753728 0.397974 0.856216 0.383203 0.865839 0.428247 0.763352 0.443021
12 0.772236 0.445773 0.870065 0.434163 0.877537 0.477113 0.779709 0.488724
1 0.361741 0.368261 0.611478 0.368261 0.611478 0.479309 0.361741 0.479309
15 0.273223 0.853473 0.353448 0.866055 0.340872 0.901728 0.260647 0.889146
8 0.798695 0.798185 0.879006 0.810519 0.866678 0.846231 0.786366 0.833895
14 0.615851 0.864560 0.697798 0.864560 0.697798 0.900998 0.615851 0.900998
10 0.617931 0.807963 0.700344 0.807963 0.700344 0.844610 0.617931 0.844610
9 0.118549 0.802224 0.200962 0.802093 0.201093 0.838739 0.118679 0.838870
3 0.162697 0.416280 0.243913 0.425616 0.234582 0.461729 0.153366 0.452393
16 0.589700 0.401882 0.672113 0.401882 0.672113 0.438528 0.589700 0.438528
