4 0.569485 0.349541 0.651985 0.349541 0.651985 0.386208 0.569485 0.386208
5 0.311316 0.351269 0.393816 0.351269 0.393816 0.387936 0.311316 0.387936
11 0.293888 0.778233 0.376388 0.778233 0.376388 0.814899 0.293888 0.814899
3 0.156481 0.398363 0.257210 0.410071 0.246436 0.454832 0.145705 0.443122
13 0.146732 0.448428 0.242792 0.462167 0.232007 0.504941 0.135949 0.491201
2 0.730660 0.404021 0.833555 0.390199 0.842243 0.435353 0.739349 0.449177
12 0.741659 0.444641 0.839971 0.434557 0.845937 0.477638 0.747626 0.487720
1 0.358350 0.344456 0.608350 0.344456 0.608350 0.455567 0.358350 0.455567
15 0.288597 0.834861 0.371094 0.835386 0.370568 0.872051 0.288072 0.871526
10 0.638642 0.782865 0.716363 0.782735 0.716493 0.817277 0.638772 0.817407
14 0.646680 0.838526 0.729180 0.838526 0.729180 0.875192 0.646680 0.875192
9 0.136004 0.803774 0.218504 0.803774 0.218504 0.840440 0.136004 0.840440
8 0.783005 0.766869 0.864482 0.775502 0.855850 0.811715 0.774372 0.803082
16 0.573502 0.389927 0.656002 0.389927 0.656002 0.426594 0.573502 0.426594
