4 0.586643 0.396394 0.671525 0.396394 0.671525 0.434127 0.586643 0.434127
5 0.323687 0.396394 0.408569 0.396394 0.408569 0.434127 0.323687 0.434127
11 0.280404 0.840251 0.363536 0.841106 0.362681 0.878062 0.279549 0.877207
1 0.367231 0.400476 0.624449 0.400476 0.624449 0.514817 0.367231 0.514817
10 0.614907 0.838058 0.694872 0.837925 0.695006 0.873471 0.615041 0.873605
14 0.615184 0.875085 0.700066 0.875085 0.700066 0.912817 0.615184 0.912817
15 0.279171 0.876864 0.364053 0.876864 0.364053 0.914596 0.279171 0.914596
6 0.566180 0.310405 0.599176 0.256623 0.652948 0.271291 0.619952 0.325074
7 0.385733 0.262218 0.428965 0.310925 0.380266 0.330144 0.337034 0.281436
16 0.593652 0.430259 0.678534 0.430259 0.678534 0.467992 0.593652 0.467992
2 0.726648 0.389626 0.808330 0.381900 0.816057 0.418203 0.734375 0.425929
12 0.740567 0.426221 0.822523 0.419916 0.828828 0.456341 0.746872 0.462646
3 0.185215 0.390317 0.265412 0.403222 0.252507 0.438865 0.172310 0.425960
13 0.174911 0.423855 0.256197 0.433256 0.246797 0.469383 0.165511 0.459983
