4 0.587872 0.370623 0.670286 0.370623 0.670286 0.407269 0.587872 0.407269
5 0.309268 0.368896 0.391681 0.368896 0.391681 0.405542 0.309268 0.405542
11 0.281664 0.804510 0.364077 0.804510 0.364077 0.841156 0.281664 0.841156
13 0.153697 0.459200 0.243469 0.468676 0.236730 0.508571 0.146959 0.499091
2 0.753729 0.397974 0.856217 0.383203 0.865840 0.428247 0.763353 0.443021
12 0.772236 0.445773 0.870065 0.434163 0.877538 0.477113 0.779709 0.488724
1 0.367073 0.364705 0.616811 0.364705 0.616811 0.475753 0.367073 0.475753
15 0.273222 0.853473 0.353448 0.866055 0.340872 0.901728 0.260646 0.889146
8 0.798695 0.798185 0.879007 0.810519 0.866679 0.846231 0.786366 0.833895
14 0.615852 0.864560 0.697799 0.864560 0.697799 0.900998 0.615852 0.900998
10 0.617932 0.807963 0.700345 0.807963 0.700345 0.844610 0.617932 0.844610
9 0.118548 0.802224 0.200961 0.802093 0.201092 0.838739 0.118679 0.838870
3 0.162696 0.416280 0.243913 0.425616 0.234582 0.461729 0.153365 0.452393
16 0.589700 0.401882 0.672114 0.401882 0.672114 0.438528 0.589700 0.438528
