4 0.600228 0.382356 0.682728 0.382356 0.682728 0.419023 0.600228 0.419023
5 0.313560 0.384083 0.396060 0.384083 0.396060 0.420750 0.313560 0.420750
11 0.298801 0.835177 0.381301 0.835177 0.381301 0.871843 0.298801 0.871843
2 0.727790 0.433278 0.830743 0.419649 0.839241 0.464818 0.736289 0.478450
12 0.743621 0.467496 0.841753 0.456656 0.848465 0.499687 0.750334 0.510527
1 0.363185 0.375494 0.613185 0.375494 0.613185 0.486605 0.363185 0.486605
15 0.295837 0.888402 0.378337 0.888402 0.378337 0.925069 0.295837 0.925069
10 0.635470 0.831225 0.713191 0.831095 0.713321 0.865637 0.635600 0.865767
14 0.637148 0.886187 0.721849 0.886187 0.721849 0.923831 0.637148 0.923831
9 0.158908 0.802005 0.239166 0.789268 0.251903 0.824938 0.171645 0.837675
8 0.765792 0.783656 0.847815 0.789561 0.841911 0.826015 0.759888 0.820111
16 0.601857 0.411502 0.684357 0.411502 0.684357 0.448168 0.601857 0.448168
