4 0.599288 0.393896 0.684000 0.393896 0.684000 0.431563 0.599288 0.431563
5 0.384740 0.388573 0.469452 0.388573 0.469452 0.426241 0.384740 0.426241
11 0.324443 0.791325 0.409155 0.791325 0.409155 0.828991 0.324443 0.828991
1 0.409496 0.406040 0.666198 0.406040 0.666198 0.520182 0.409496 0.520182
15 0.311751 0.851912 0.395839 0.858757 0.388996 0.896146 0.304909 0.889302
10 0.624755 0.792482 0.704560 0.792348 0.704693 0.827832 0.624888 0.827966
6 0.580188 0.315289 0.628287 0.268780 0.674776 0.290167 0.626676 0.336677
7 0.457209 0.268824 0.507851 0.314115 0.462580 0.336633 0.411935 0.291342
14 0.622368 0.849875 0.707079 0.849875 0.707079 0.887541 0.622368 0.887541
16 0.597677 0.422726 0.682389 0.422726 0.682389 0.460393 0.597677 0.460393
