4 0.586152 0.349541 0.668652 0.349541 0.668652 0.386208 0.586152 0.386208
5 0.327983 0.351269 0.410483 0.351269 0.410483 0.387936 0.327983 0.387936
11 0.302940 0.771115 0.385440 0.771115 0.385440 0.807781 0.302940 0.807781
3 0.162134 0.393596 0.261976 0.408296 0.248210 0.452691 0.148365 0.437989
13 0.148249 0.442985 0.244114 0.457315 0.232737 0.500022 0.136873 0.485690
2 0.735701 0.402417 0.831306 0.373534 0.854992 0.416232 0.759389 0.445117
1 0.367010 0.344456 0.617010 0.344456 0.617010 0.455567 0.367010 0.455567
15 0.300161 0.831145 0.382658 0.831670 0.382132 0.868335 0.299636 0.867810
10 0.621318 0.770358 0.699039 0.770228 0.699169 0.804770 0.621448 0.804900
14 0.632926 0.831844 0.713465 0.831844 0.713465 0.867638 0.632926 0.867638
9 0.159470 0.780338 0.241092 0.772332 0.249098 0.808608 0.167476 0.816614
8 0.717074 0.614010 0.743577 0.666095 0.691492 0.677874 0.664989 0.625789
16 0.590169 0.386608 0.672669 0.386608 0.672669 0.423274 0.590169 0.423274
12 0.758864 0.444271 0.853319 0.417664 0.879926 0.459644 0.785471 0.486251
