4 0.607281 0.359685 0.694687 0.359685 0.694687 0.398521 0.607281 0.398521
16 0.612653 0.363789 0.689314 0.363789 0.689314 0.397851 0.612653 0.397851
7 0.415237 0.237910 0.483782 0.268518 0.453174 0.298982 0.384629 0.268374
1 0.378665 0.379660 0.645848 0.379660 0.645848 0.498408 0.378665 0.498408
3 0.119886 0.367260 0.195581 0.389133 0.173708 0.422775 0.098013 0.400903
2 0.797500 0.408017 0.873874 0.387220 0.894671 0.421164 0.818296 0.441961
12 0.819535 0.438103 0.897653 0.420416 0.915340 0.455135 0.837222 0.472822
13 0.099273 0.398384 0.176429 0.417858 0.156955 0.452150 0.079799 0.432676
9 0.123052 0.752716 0.201443 0.735575 0.218585 0.770415 0.140194 0.787557
8 0.785974 0.722919 0.866050 0.736153 0.852816 0.771743 0.772740 0.758509
11 0.268359 0.728998 0.350859 0.728998 0.350859 0.765664 0.268359 0.765664
10 0.618003 0.723660 0.700503 0.723660 0.700503 0.760326 0.618003 0.760326
5 0.319070 0.357112 0.401570 0.357112 0.401570 0.393778 0.319070 0.393778
