9 0.113299 0.799852 0.209082 0.795724 0.213210 0.838294 0.117427 0.842424
8 0.797964 0.813606 0.890643 0.815493 0.888756 0.856685 0.796077 0.854797
10 0.625142 0.816525 0.715725 0.813518 0.718731 0.853778 0.628149 0.856784
11 0.285989 0.816522 0.377884 0.816462 0.377943 0.857305 0.286048 0.857365
14 0.627438 0.855322 0.719220 0.852770 0.721772 0.893561 0.629991 0.896114
15 0.288758 0.856406 0.375973 0.857240 0.375138 0.896002 0.287925 0.895169
1 0.396472 0.378998 0.642196 0.378998 0.642196 0.488209 0.396472 0.488209
2 0.793459 0.444669 0.875186 0.437157 0.882698 0.473480 0.800971 0.480992
12 0.802039 0.481272 0.884030 0.475170 0.890131 0.511611 0.808141 0.517712
3 0.122813 0.399857 0.203524 0.411247 0.192134 0.447118 0.111423 0.435728
13 0.114615 0.437472 0.196478 0.444294 0.189656 0.480677 0.107793 0.473856
5 0.337754 0.362450 0.420254 0.362450 0.420254 0.399116 0.337754 0.399116
4 0.615334 0.366008 0.697834 0.366008 0.697834 0.402675 0.615334 0.402675
16 0.615334 0.369567 0.697834 0.369567 0.697834 0.406234 0.615334 0.406234
