9 0.193403 0.737299 0.242774 0.693568 0.286477 0.715523 0.237108 0.759256
8 0.820473 0.759607 0.895272 0.770539 0.884347 0.803804 0.809548 0.792872
0 0.770841 0.444781 0.851702 0.433871 0.862612 0.469809 0.781751 0.480719
2 0.757010 0.404678 0.837405 0.392332 0.849751 0.428062 0.769357 0.440409
10 0.647362 0.794834 0.729862 0.794834 0.729862 0.831501 0.647362 0.831501
14 0.647362 0.823304 0.729862 0.823304 0.729862 0.859970 0.647362 0.859970
11 0.311063 0.803731 0.393563 0.803731 0.393563 0.840397 0.311063 0.840397
15 0.311063 0.842877 0.393563 0.842877 0.393563 0.879543 0.311063 0.879543
5 0.321739 0.346435 0.404239 0.346435 0.404239 0.383102 0.321739 0.383102
4 0.585974 0.344656 0.668474 0.344656 0.668474 0.381323 0.585974 0.381323
16 0.591312 0.342877 0.673812 0.342877 0.673812 0.379543 0.591312 0.379543
13 0.130704 0.444416 0.211471 0.455630 0.200257 0.491527 0.119490 0.480313
3 0.147473 0.406565 0.227866 0.418915 0.215516 0.454645 0.135123 0.442295
1 0.374110 0.364373 0.624110 0.364373 0.624110 0.475484 0.374110 0.475484
