5 0.309909 0.359309 0.396801 0.359309 0.396801 0.397920 0.309909 0.397920
4 0.607281 0.359685 0.694687 0.359685 0.694687 0.398521 0.607281 0.398521
2 0.791016 0.403371 0.884444 0.379523 0.908297 0.421035 0.814870 0.444883
12 0.821649 0.444916 0.911733 0.422336 0.934319 0.462361 0.844236 0.484943
3 0.111362 0.369299 0.209709 0.391298 0.187705 0.434997 0.089357 0.412998
13 0.085469 0.410910 0.186828 0.431224 0.166510 0.476261 0.065150 0.455947
10 0.606199 0.724299 0.693547 0.724299 0.693547 0.763110 0.606199 0.763110
11 0.277143 0.724626 0.370745 0.724626 0.370745 0.766216 0.277143 0.766216
9 0.107429 0.755242 0.198845 0.738141 0.215953 0.778759 0.124535 0.795861
8 0.788766 0.721903 0.885586 0.736705 0.870780 0.779725 0.773959 0.764923
16 0.612653 0.363789 0.689314 0.363789 0.689314 0.397851 0.612653 0.397851
7 0.404561 0.236131 0.473106 0.266739 0.442498 0.297203 0.373953 0.266595
1 0.354644 0.377881 0.621827 0.377881 0.621827 0.496629 0.354644 0.496629
