1 0.355538 0.342652 0.647048 0.342652 0.647048 0.472119 0.355538 0.472119
4 0.610491 0.342745 0.693950 0.342745 0.693950 0.379811 0.610491 0.379811
5 0.312409 0.333659 0.393535 0.333659 0.393535 0.369689 0.312409 0.369689
10 0.635193 0.753715 0.719210 0.753715 0.719210 0.791029 0.635193 0.791029
11 0.267030 0.757764 0.347777 0.757764 0.347777 0.793624 0.267030 0.793624
9 0.054385 0.762566 0.150454 0.762566 0.150454 0.805232 0.054385 0.805232
8 0.829907 0.760681 0.934462 0.760681 0.934462 0.807117 0.829907 0.807117
16 0.609709 0.339595 0.699423 0.339595 0.699423 0.379440 0.609709 0.379440
2 0.819773 0.399256 0.897950 0.381685 0.915521 0.416431 0.837344 0.434001
12 0.839993 0.433562 0.917334 0.414417 0.936478 0.448791 0.859137 0.467935
3 0.106371 0.376641 0.185549 0.392090 0.170100 0.427281 0.090921 0.411831
13 0.089040 0.417642 0.168023 0.433529 0.152136 0.468633 0.073153 0.452745
6 0.497873 0.240960 0.571706 0.216421 0.596245 0.249236 0.522412 0.273775
