9 0.214755 0.728402 0.264126 0.684671 0.307829 0.706626 0.258460 0.750359
8 0.787755 0.667930 0.841404 0.704357 0.804966 0.728221 0.751317 0.691794
0 0.794862 0.439443 0.875723 0.428533 0.886633 0.464471 0.805772 0.475381
2 0.781031 0.404678 0.861426 0.392332 0.873772 0.428062 0.793378 0.440409
10 0.645907 0.790036 0.725979 0.790036 0.725979 0.825623 0.645907 0.825623
14 0.644693 0.816187 0.727193 0.816187 0.727193 0.852853 0.644693 0.852853
11 0.327077 0.789496 0.409577 0.789496 0.409577 0.826162 0.327077 0.826162
15 0.329746 0.821525 0.412246 0.821525 0.412246 0.858191 0.329746 0.858191
5 0.337753 0.346435 0.420253 0.346435 0.420253 0.383102 0.337753 0.383102
4 0.609995 0.349994 0.692495 0.349994 0.692495 0.386661 0.609995 0.386661
16 0.609995 0.349994 0.692495 0.349994 0.692495 0.386660 0.609995 0.386660
13 0.142544 0.442149 0.221143 0.458861 0.204431 0.493794 0.125832 0.477082
3 0.164498 0.399624 0.240784 0.420564 0.219843 0.454469 0.143557 0.433528
1 0.395462 0.364373 0.645462 0.364373 0.645462 0.475484 0.395462 0.475484
