9 0.165024 0.800924 0.246913 0.797003 0.250801 0.833393 0.168911 0.837315
8 0.748409 0.759607 0.823208 0.770539 0.812283 0.803804 0.737484 0.792872
0 0.744151 0.435884 0.825012 0.424974 0.835922 0.460912 0.755061 0.471822
2 0.732989 0.401119 0.813384 0.388773 0.825730 0.424503 0.745336 0.436850
10 0.607326 0.787717 0.689826 0.787717 0.689826 0.824384 0.607326 0.824384
14 0.607326 0.819745 0.689826 0.819745 0.689826 0.856411 0.607326 0.856411
11 0.279035 0.789496 0.361535 0.789496 0.361535 0.826162 0.279035 0.826162
15 0.279035 0.817966 0.361535 0.817966 0.361535 0.854632 0.279035 0.854632
5 0.321739 0.346435 0.404239 0.346435 0.404239 0.383102 0.321739 0.383102
4 0.585974 0.344656 0.668474 0.344656 0.668474 0.381323 0.585974 0.381323
16 0.591312 0.342877 0.673812 0.342877 0.673812 0.379543 0.591312 0.379543
13 0.160797 0.448456 0.242346 0.451243 0.239559 0.487487 0.158010 0.484700
3 0.166934 0.409850 0.249093 0.414845 0.244098 0.451360 0.161939 0.446365
1 0.374110 0.364373 0.624110 0.364373 0.624110 0.475484 0.374110 0.475484
