9 0.161274 0.851631 0.244601 0.833609 0.262608 0.870672 0.179282 0.888694
8 0.797084 0.784755 0.883607 0.777815 0.887130 0.816299 0.804018 0.823239
5 0.358009 0.405876 0.446539 0.394975 0.457430 0.434353 0.368900 0.445254
4 0.589566 0.382012 0.675446 0.368529 0.688918 0.406728 0.603037 0.420210
16 0.596332 0.379464 0.677640 0.369433 0.687663 0.405598 0.606355 0.415628
3 0.131456 0.429732 0.213036 0.437925 0.204843 0.474182 0.123263 0.465990
13 0.128032 0.467666 0.209872 0.474608 0.202929 0.510982 0.121089 0.504039
2 0.708817 0.442314 0.789047 0.429501 0.801859 0.465159 0.721629 0.477972
12 0.721970 0.476476 0.801976 0.463055 0.815397 0.498613 0.735390 0.512034
11 0.407149 0.880243 0.489649 0.880243 0.489649 0.916910 0.407149 0.916910
15 0.404480 0.912272 0.486980 0.912272 0.486980 0.948938 0.404480 0.948938
10 0.684729 0.848215 0.767229 0.848215 0.767229 0.884881 0.684729 0.884881
14 0.684729 0.883802 0.767229 0.883802 0.767229 0.920469 0.684729 0.920469
1 0.400563 0.428860 0.647834 0.404302 0.672391 0.514201 0.425120 0.538758
7 0.387970 0.264507 0.455249 0.296338 0.423418 0.326240 0.356139 0.294409
