10 0.608944 0.801484 0.699002 0.803296 0.697185 0.843341 0.607126 0.841530
11 0.267714 0.790126 0.359587 0.796053 0.353663 0.836906 0.261788 0.830978
14 0.607214 0.836044 0.699030 0.836044 0.699030 0.876871 0.607214 0.876871
15 0.265144 0.824560 0.356311 0.830010 0.350863 0.870549 0.259697 0.865099
1 0.393805 0.377161 0.639406 0.377161 0.639406 0.486372 0.393805 0.486372
13 0.094178 0.389979 0.169084 0.413028 0.146036 0.446319 0.071129 0.423271
3 0.113891 0.361100 0.187939 0.385349 0.163689 0.418260 0.089641 0.394010
2 0.794601 0.394589 0.870177 0.372533 0.892232 0.406123 0.816656 0.428178
12 0.815485 0.430580 0.888686 0.405214 0.914053 0.437748 0.840851 0.463114
9 0.134544 0.706468 0.214248 0.692271 0.228445 0.727695 0.148741 0.741892
8 0.783505 0.669052 0.857819 0.692938 0.833932 0.725966 0.759619 0.702080
5 0.337754 0.357112 0.420254 0.357112 0.420254 0.393778 0.337754 0.393778
4 0.609787 0.358421 0.691994 0.363049 0.687366 0.399586 0.605159 0.394958
16 0.609996 0.360670 0.692496 0.360670 0.692496 0.397337 0.609996 0.397337
