9 0.135665 0.781351 0.217554 0.777430 0.221442 0.813820 0.139552 0.817742
8 0.774219 0.795969 0.850394 0.801181 0.845192 0.835057 0.769017 0.829845
0 0.768172 0.443001 0.849033 0.432091 0.859943 0.468029 0.779082 0.478939
2 0.757010 0.401119 0.837405 0.388773 0.849751 0.424503 0.769357 0.436850
10 0.623340 0.789496 0.705840 0.789496 0.705840 0.826163 0.623340 0.826163
14 0.623340 0.821524 0.705840 0.821524 0.705840 0.858190 0.623340 0.858190
11 0.305725 0.789496 0.388225 0.789496 0.388225 0.826162 0.305725 0.826162
15 0.308394 0.819745 0.390894 0.819745 0.390894 0.856411 0.308394 0.856411
5 0.353767 0.330421 0.436267 0.330421 0.436267 0.367088 0.353767 0.367088
4 0.604522 0.332336 0.687021 0.332065 0.687292 0.368732 0.604793 0.369003
16 0.607326 0.332201 0.689826 0.332201 0.689826 0.368867 0.607326 0.368867
13 0.161538 0.431794 0.242958 0.435934 0.238818 0.472120 0.157398 0.467981
3 0.168709 0.397787 0.250330 0.405794 0.242323 0.442070 0.160702 0.434063
1 0.395462 0.353697 0.645462 0.353697 0.645462 0.464808 0.395462 0.464808
