9 0.226974 0.633113 0.270642 0.586764 0.316965 0.606186 0.273298 0.652536
8 0.732271 0.791715 0.807131 0.802460 0.796392 0.835752 0.721533 0.825007
0 0.747519 0.425175 0.829920 0.427880 0.827215 0.464502 0.744814 0.461798
2 0.750231 0.383797 0.831967 0.391263 0.824502 0.427589 0.742766 0.420124
10 0.618002 0.796613 0.700502 0.796613 0.700502 0.833280 0.618002 0.833280
14 0.615333 0.835759 0.697833 0.835759 0.697833 0.872425 0.615333 0.872425
11 0.287042 0.798393 0.369542 0.798393 0.369542 0.835059 0.287042 0.835059
15 0.287042 0.828642 0.369542 0.828642 0.369542 0.865308 0.287042 0.865308
5 0.361774 0.344656 0.444274 0.344656 0.444274 0.381323 0.361774 0.381323
4 0.593846 0.343012 0.676345 0.342741 0.676616 0.379408 0.594117 0.379679
16 0.593981 0.342877 0.676481 0.342877 0.676481 0.379543 0.593981 0.379543
13 0.204374 0.424276 0.284936 0.433157 0.276054 0.468962 0.195492 0.460082
3 0.214083 0.387111 0.295704 0.395118 0.287697 0.431394 0.206076 0.423387
1 0.400800 0.364373 0.650800 0.364373 0.650800 0.475484 0.400800 0.475484
