1 0.358479 0.364221 0.649989 0.364221 0.649989 0.493688 0.358479 0.493688
4 0.610491 0.342745 0.693950 0.342745 0.693950 0.379811 0.610491 0.379811
5 0.312409 0.333659 0.393535 0.333659 0.393535 0.369689 0.312409 0.369689
10 0.623428 0.743911 0.707445 0.743911 0.707445 0.781225 0.623428 0.781225
11 0.284677 0.747960 0.365424 0.747960 0.365424 0.783820 0.284677 0.783820
9 0.084301 0.769317 0.178474 0.756657 0.191126 0.798481 0.096953 0.811141
8 0.814687 0.758079 0.897758 0.764982 0.890859 0.801876 0.807788 0.794973
16 0.609709 0.339595 0.699423 0.339595 0.699423 0.379440 0.609709 0.379440
2 0.789155 0.387491 0.863573 0.363749 0.887315 0.396824 0.812897 0.420565
12 0.816548 0.417643 0.894095 0.398872 0.912865 0.433338 0.835317 0.452107
3 0.128616 0.378279 0.204589 0.399719 0.183149 0.433486 0.107175 0.412045
13 0.107678 0.415689 0.183921 0.436700 0.162910 0.470586 0.086667 0.449574
7 0.416654 0.210551 0.484868 0.241485 0.453934 0.271802 0.385720 0.240868
