4 0.594889 0.352930 0.679295 0.355570 0.676654 0.393088 0.592249 0.390448
5 0.352968 0.346939 0.437466 0.346939 0.437466 0.384498 0.352968 0.384498
2 0.722955 0.396298 0.805954 0.385730 0.816511 0.422625 0.733510 0.433191
12 0.728646 0.430570 0.811821 0.420642 0.821743 0.457613 0.738567 0.467542
3 0.170623 0.376468 0.253519 0.387381 0.242607 0.424231 0.159711 0.413315
13 0.160228 0.412025 0.243623 0.424509 0.231140 0.461577 0.147745 0.449093
9 0.170694 0.810161 0.253596 0.799368 0.264408 0.836246 0.181508 0.847036
10 0.607193 0.809891 0.691691 0.809891 0.691691 0.847450 0.607193 0.847450
14 0.609720 0.842000 0.689167 0.842000 0.689167 0.877313 0.609720 0.877313
1 0.377412 0.377200 0.633453 0.378948 0.631704 0.492757 0.375664 0.491008
16 0.593330 0.386538 0.677524 0.391316 0.672747 0.428740 0.588553 0.423962
8 0.756471 0.610069 0.820049 0.647196 0.782958 0.675452 0.719381 0.638326
11 0.302423 0.806875 0.384093 0.806875 0.384093 0.843176 0.302423 0.843176
15 0.301008 0.840877 0.385505 0.840877 0.385505 0.878435 0.301008 0.878435
