4 0.595080 0.361319 0.679572 0.363962 0.676929 0.401523 0.592437 0.398880
5 0.347436 0.358970 0.432021 0.358970 0.432021 0.396572 0.347436 0.396572
2 0.728751 0.415685 0.811835 0.405105 0.822404 0.442041 0.739318 0.452620
12 0.737184 0.448170 0.820446 0.438232 0.830377 0.475244 0.747116 0.485185
3 0.181323 0.397656 0.264304 0.408582 0.253381 0.445473 0.170399 0.434546
13 0.169720 0.434040 0.253769 0.444713 0.243097 0.482075 0.159050 0.471403
9 0.150647 0.796060 0.234804 0.790607 0.240274 0.828047 0.156116 0.833499
10 0.618343 0.815149 0.702928 0.815149 0.702928 0.852751 0.618343 0.852751
14 0.620872 0.850945 0.700401 0.850945 0.700401 0.886297 0.620872 0.886297
1 0.380183 0.385525 0.636488 0.387276 0.634737 0.501214 0.378433 0.499463
16 0.598992 0.393140 0.683273 0.397923 0.678491 0.435389 0.594210 0.430607
8 0.783907 0.613023 0.830607 0.665520 0.778157 0.686282 0.731456 0.633787
11 0.285892 0.821254 0.367647 0.821254 0.367647 0.857596 0.285892 0.857596
15 0.284476 0.851644 0.369061 0.851644 0.369061 0.889245 0.284476 0.889245
