5 0.336962 0.355836 0.421455 0.355836 0.421455 0.393395 0.336962 0.393395
2 0.722942 0.396298 0.805936 0.385730 0.816492 0.422625 0.733497 0.433191
12 0.728633 0.430570 0.811803 0.420642 0.821725 0.457613 0.738553 0.467542
3 0.170642 0.376468 0.253533 0.387381 0.242622 0.424231 0.159731 0.413315
13 0.160247 0.412025 0.243638 0.424509 0.231155 0.461577 0.147766 0.449093
9 0.170713 0.810161 0.253610 0.799368 0.264422 0.836246 0.181526 0.847036
10 0.607187 0.809891 0.691680 0.809891 0.691680 0.847450 0.607187 0.847450
14 0.609714 0.842000 0.689156 0.842000 0.689156 0.877313 0.609714 0.877313
1 0.364074 0.366524 0.620100 0.368272 0.618351 0.482081 0.362326 0.480332
16 0.579461 0.391301 0.663932 0.389986 0.665249 0.427535 0.580778 0.428850
8 0.756457 0.610069 0.820031 0.647196 0.782942 0.675452 0.719369 0.638326
11 0.302434 0.806875 0.384099 0.806875 0.384099 0.843176 0.302434 0.843176
15 0.301019 0.840877 0.385512 0.840877 0.385512 0.878435 0.301019 0.878435
4 0.583305 0.357112 0.665805 0.357112 0.665805 0.393778 0.583305 0.393778
