4 0.578434 0.350702 0.662830 0.353343 0.660190 0.390882 0.575794 0.388241
5 0.331324 0.350222 0.415812 0.350222 0.415812 0.387802 0.331324 0.387802
2 0.724601 0.401088 0.806755 0.387929 0.819902 0.424472 0.737748 0.437630
12 0.736391 0.432461 0.819365 0.421844 0.829977 0.458751 0.747002 0.469369
3 0.190768 0.380861 0.274300 0.389308 0.265860 0.426465 0.182327 0.418016
13 0.184432 0.424690 0.269085 0.432518 0.261263 0.470169 0.176611 0.462342
9 0.157809 0.795326 0.242140 0.798783 0.238682 0.836294 0.154354 0.832835
10 0.617940 0.813433 0.702428 0.813433 0.702428 0.851013 0.617940 0.851013
14 0.620464 0.847383 0.699903 0.847383 0.699903 0.882716 0.620464 0.882716
1 0.366126 0.373206 0.622137 0.374955 0.620388 0.488828 0.364377 0.487077
16 0.578737 0.388581 0.663078 0.391905 0.659759 0.429420 0.575418 0.426095
6 0.508073 0.268088 0.573306 0.247882 0.593497 0.276897 0.528264 0.297103
8 0.759720 0.785713 0.843940 0.790210 0.839447 0.827668 0.755229 0.823173
11 0.276271 0.807963 0.360759 0.807963 0.360759 0.845542 0.276271 0.845542
15 0.276271 0.844436 0.360759 0.844436 0.360759 0.882015 0.276271 0.882015
7 0.366172 0.259552 0.433366 0.273689 0.419231 0.303578 0.352037 0.289441
