4 0.580707 0.350221 0.665193 0.350225 0.665192 0.387805 0.580706 0.387801
5 0.345646 0.350222 0.430131 0.350222 0.430131 0.387802 0.345646 0.387802
2 0.744407 0.388331 0.828301 0.381676 0.834954 0.418992 0.751060 0.425648
12 0.748622 0.419345 0.832967 0.416112 0.836203 0.453630 0.751858 0.456864
3 0.195167 0.375111 0.279307 0.380197 0.274226 0.417625 0.190085 0.412538
13 0.192100 0.416816 0.277212 0.421949 0.272084 0.459807 0.186971 0.454674
9 0.161589 0.795326 0.245917 0.798783 0.242459 0.836294 0.158134 0.832835
10 0.616240 0.813433 0.700726 0.813433 0.700726 0.851013 0.616240 0.851013
14 0.618764 0.847383 0.698200 0.847383 0.698200 0.882716 0.618764 0.882716
1 0.383566 0.369647 0.639570 0.371396 0.637821 0.485269 0.381817 0.483518
16 0.583278 0.384902 0.667765 0.384843 0.667832 0.422423 0.583346 0.422481
6 0.524532 0.269066 0.593510 0.255472 0.607083 0.286151 0.538105 0.299744
8 0.760749 0.809421 0.844966 0.813918 0.840474 0.851376 0.756259 0.846881
11 0.274580 0.807963 0.359066 0.807963 0.359066 0.845542 0.274580 0.845542
15 0.274580 0.844436 0.359066 0.844436 0.359066 0.882015 0.274580 0.882015
