4 0.588125 0.352658 0.672086 0.355284 0.669459 0.392608 0.585498 0.389982
5 0.347530 0.355763 0.431582 0.355763 0.431582 0.393127 0.347530 0.393127
2 0.757527 0.384490 0.841023 0.378052 0.847453 0.415170 0.763956 0.421608
12 0.764393 0.422753 0.848296 0.419391 0.851650 0.456688 0.767748 0.460051
3 0.200560 0.379522 0.279800 0.386958 0.271990 0.423960 0.192949 0.416541
13 0.191918 0.416321 0.278750 0.417230 0.277811 0.456282 0.190136 0.455356
9 0.182665 0.638922 0.266177 0.645273 0.259824 0.682398 0.176314 0.676046
10 0.603484 0.807251 0.687537 0.807251 0.687537 0.844615 0.603484 0.844615
14 0.605995 0.844632 0.685024 0.844632 0.685024 0.879762 0.605995 0.879762
1 0.395827 0.378717 0.650520 0.380457 0.648780 0.493676 0.394088 0.491935
16 0.589384 0.388334 0.673437 0.388334 0.673437 0.425698 0.589384 0.425698
8 0.750788 0.635540 0.834289 0.641953 0.827867 0.679069 0.744368 0.672658
11 0.293472 0.809064 0.377525 0.809064 0.377525 0.846428 0.293472 0.846428
15 0.293473 0.843515 0.377526 0.843515 0.377526 0.880879 0.293473 0.880879
7 0.382105 0.288565 0.409412 0.236665 0.461312 0.248802 0.434004 0.300701
6 0.591238 0.225542 0.649060 0.264773 0.609830 0.290472 0.552007 0.251241
