4 0.589864 0.361941 0.673742 0.364565 0.671118 0.401866 0.587240 0.399242
5 0.355118 0.356147 0.439088 0.356147 0.439088 0.393489 0.355118 0.393489
2 0.708520 0.381227 0.792484 0.381809 0.791903 0.419149 0.707938 0.418567
3 0.202826 0.359133 0.286453 0.364186 0.281403 0.401377 0.197776 0.396323
9 0.208365 0.765442 0.290046 0.752451 0.303028 0.788776 0.221347 0.801766
10 0.596752 0.774748 0.680722 0.774748 0.680722 0.812090 0.596752 0.812090
14 0.599261 0.806670 0.678212 0.806670 0.678212 0.841778 0.599261 0.841778
1 0.389768 0.378979 0.644213 0.380467 0.642737 0.493619 0.388293 0.492132
16 0.588904 0.391821 0.672863 0.392700 0.671983 0.430038 0.588024 0.429158
6 0.642294 0.232166 0.688073 0.268784 0.651477 0.289143 0.605698 0.252525
7 0.472934 0.246606 0.422285 0.282728 0.386186 0.260206 0.436832 0.224084
8 0.748925 0.821818 0.832895 0.821906 0.832803 0.859247 0.748835 0.859160
13 0.196505 0.395441 0.278612 0.400807 0.273245 0.437299 0.191139 0.431933
12 0.706081 0.417610 0.788581 0.417610 0.788581 0.454276 0.706081 0.454276
