4 0.566773 0.352658 0.650734 0.355284 0.648107 0.392608 0.564146 0.389982
5 0.328847 0.355763 0.412899 0.355763 0.412899 0.393127 0.328847 0.393127
2 0.717491 0.384490 0.800987 0.378052 0.807417 0.415170 0.723920 0.421608
12 0.727293 0.425859 0.810221 0.416718 0.819355 0.453582 0.736428 0.462724
3 0.161667 0.388303 0.241688 0.388498 0.241487 0.425864 0.161667 0.425668
13 0.161667 0.427873 0.248500 0.427021 0.249344 0.466074 0.161667 0.466926
9 0.178347 0.626059 0.262243 0.629496 0.258804 0.666792 0.174910 0.663353
10 0.603484 0.807251 0.687537 0.807251 0.687537 0.844615 0.603484 0.844615
14 0.605995 0.844632 0.685024 0.844632 0.685024 0.879762 0.605995 0.879762
1 0.358460 0.368041 0.613153 0.369781 0.611413 0.483000 0.356721 0.481259
16 0.562694 0.384775 0.646747 0.384775 0.646747 0.422139 0.562694 0.422139
6 0.507760 0.279992 0.571993 0.259000 0.592949 0.287581 0.528716 0.308572
7 0.417852 0.307652 0.351167 0.285970 0.372829 0.256294 0.439512 0.277974
8 0.730047 0.639931 0.814012 0.637355 0.816579 0.674678 0.732617 0.677255
11 0.293472 0.809064 0.377525 0.809064 0.377525 0.846428 0.293472 0.846428
15 0.293473 0.843515 0.377526 0.843515 0.377526 0.880879 0.293473 0.880879
