4 0.566302 0.352671 0.650195 0.355297 0.647571 0.392620 0.563678 0.389994
5 0.344861 0.355776 0.428846 0.355776 0.428846 0.393140 0.344861 0.393140
2 0.733697 0.384463 0.817676 0.385045 0.817095 0.422406 0.733114 0.421824
12 0.736939 0.416779 0.818312 0.415808 0.819285 0.452010 0.737911 0.452982
3 0.200836 0.371456 0.284478 0.376513 0.279426 0.413725 0.195785 0.408668
13 0.200017 0.404174 0.287189 0.411125 0.280246 0.449905 0.193074 0.442954
9 0.126327 0.776543 0.209558 0.784040 0.202066 0.821069 0.118837 0.813571
10 0.630155 0.798189 0.714140 0.798189 0.714140 0.835553 0.630155 0.835553
14 0.632664 0.833756 0.711630 0.833756 0.711630 0.868884 0.632664 0.868884
1 0.361007 0.369544 0.615494 0.371387 0.613669 0.484603 0.359182 0.482760
16 0.562227 0.384787 0.646212 0.384787 0.646212 0.422151 0.562227 0.422151
7 0.430237 0.246173 0.379579 0.282315 0.343473 0.259780 0.394128 0.223637
8 0.777382 0.802521 0.860850 0.808727 0.854632 0.845858 0.771166 0.839653
11 0.268879 0.798223 0.352864 0.798223 0.352864 0.835586 0.268879 0.835586
15 0.271500 0.834453 0.355485 0.834453 0.355485 0.871815 0.271500 0.871815
