4 0.605809 0.313630 0.689051 0.316233 0.686447 0.353225 0.603206 0.350623
5 0.294426 0.313113 0.377759 0.313113 0.377759 0.350146 0.294426 0.350146
2 0.796529 0.359992 0.871612 0.335894 0.895712 0.369259 0.820629 0.393360
9 0.116930 0.754096 0.199947 0.749267 0.204776 0.786160 0.121758 0.790989
11 0.288053 0.740338 0.371385 0.740338 0.371385 0.777370 0.288053 0.777370
10 0.582894 0.738542 0.666227 0.738542 0.666227 0.775575 0.582894 0.775575
1 0.357620 0.331067 0.610142 0.331067 0.610142 0.443287 0.357620 0.443287
16 0.607158 0.354447 0.690491 0.354447 0.690491 0.391480 0.607158 0.391480
6 0.522521 0.260687 0.564430 0.222535 0.602586 0.241159 0.560677 0.279311
7 0.414929 0.217721 0.458529 0.257233 0.419014 0.276609 0.375414 0.237099
8 0.779660 0.750748 0.861869 0.759837 0.852781 0.796369 0.770571 0.787282
12 0.822918 0.394785 0.897669 0.373134 0.919322 0.406353 0.844569 0.428004
3 0.110139 0.334265 0.184403 0.358219 0.160449 0.391226 0.086185 0.367271
13 0.093019 0.364688 0.169226 0.385756 0.148157 0.419626 0.071950 0.398557
