4 0.592613 0.366172 0.674774 0.368744 0.672204 0.405288 0.590043 0.402717
5 0.317163 0.367434 0.399414 0.367434 0.399414 0.404018 0.317163 0.404018
2 0.780242 0.416982 0.860207 0.404135 0.873045 0.439701 0.793080 0.452549
3 0.121633 0.413746 0.200591 0.429115 0.185234 0.464236 0.106276 0.448866
13 0.104657 0.449434 0.188448 0.462292 0.175601 0.499560 0.091810 0.486703
9 0.149621 0.768684 0.223168 0.744114 0.247717 0.776827 0.174171 0.801396
11 0.327846 0.834353 0.410097 0.834353 0.410097 0.870938 0.327846 0.870938
10 0.631198 0.832579 0.713449 0.832579 0.713449 0.869164 0.631198 0.869164
15 0.327839 0.860982 0.410090 0.860982 0.410090 0.897565 0.327839 0.897565
14 0.628513 0.862760 0.710764 0.862760 0.710764 0.899343 0.628513 0.899343
1 0.366707 0.385315 0.615952 0.385315 0.615952 0.496175 0.366707 0.496175
16 0.591283 0.401169 0.673534 0.401169 0.673534 0.437754 0.591283 0.437754
6 0.520240 0.276574 0.564978 0.240641 0.600884 0.260540 0.556147 0.296473
7 0.409461 0.236311 0.459420 0.271481 0.424278 0.293702 0.374320 0.258533
8 0.787745 0.771645 0.867725 0.784451 0.854930 0.820024 0.774951 0.807219
12 0.788620 0.451793 0.868996 0.440147 0.880634 0.475897 0.800257 0.487543
