4 0.590404 0.366886 0.672448 0.369454 0.669881 0.405958 0.587838 0.403389
5 0.328675 0.369923 0.410808 0.369923 0.410808 0.406466 0.328675 0.406466
9 0.139487 0.715530 0.221398 0.719568 0.217363 0.756012 0.135453 0.751974
11 0.278152 0.825673 0.360285 0.825673 0.360285 0.862216 0.278152 0.862216
10 0.613027 0.823901 0.695160 0.823901 0.695160 0.860444 0.613027 0.860444
15 0.280822 0.855828 0.362955 0.855828 0.362955 0.892370 0.280822 0.892370
14 0.613015 0.854060 0.695148 0.854060 0.695148 0.890602 0.613015 0.890602
1 0.364870 0.401987 0.613758 0.401987 0.613758 0.512723 0.364870 0.512723
16 0.589076 0.401844 0.671209 0.401844 0.671209 0.438387 0.589076 0.438387
6 0.512797 0.272051 0.557471 0.236158 0.593326 0.256035 0.548652 0.291927
8 0.768203 0.681927 0.850190 0.678657 0.853457 0.715134 0.771471 0.718405
2 0.739563 0.390241 0.820990 0.381399 0.829832 0.417589 0.748405 0.426430
12 0.751783 0.427317 0.833937 0.422290 0.838965 0.458803 0.756810 0.463831
3 0.162865 0.399946 0.244661 0.407117 0.237491 0.443470 0.155695 0.436300
13 0.156639 0.436230 0.238701 0.441889 0.233041 0.478361 0.150979 0.472702
