4 0.590321 0.356008 0.673813 0.358620 0.671202 0.395751 0.587709 0.393138
5 0.342895 0.355489 0.426479 0.355489 0.426479 0.392660 0.342895 0.392660
9 0.213533 0.805336 0.296800 0.800478 0.301654 0.837508 0.218388 0.842366
11 0.329339 0.815536 0.412923 0.815536 0.412923 0.852707 0.329339 0.852707
10 0.661981 0.810150 0.745565 0.810150 0.745565 0.847321 0.661981 0.847321
15 0.329340 0.844496 0.412924 0.844496 0.412924 0.881666 0.329340 0.881666
14 0.664650 0.837183 0.748234 0.837183 0.748234 0.874353 0.664650 0.874353
1 0.371828 0.364875 0.625114 0.364875 0.625114 0.477514 0.371828 0.477514
16 0.588969 0.386155 0.672553 0.386155 0.672553 0.423326 0.588969 0.423326
6 0.515552 0.285703 0.585298 0.276305 0.594680 0.307320 0.524934 0.316718
7 0.410551 0.272312 0.479364 0.290108 0.461580 0.320710 0.392766 0.302914
8 0.783721 0.603151 0.811568 0.655722 0.759030 0.668106 0.731182 0.615536
3 0.180280 0.401595 0.262780 0.401595 0.262780 0.438262 0.180280 0.438262
13 0.177611 0.437183 0.260111 0.437183 0.260111 0.473849 0.177611 0.473849
2 0.719426 0.394478 0.801926 0.394478 0.801926 0.431145 0.719426 0.431145
12 0.716757 0.430065 0.799257 0.430065 0.799257 0.466732 0.716757 0.466732
