4 0.612892 0.372748 0.694474 0.374883 0.692341 0.411173 0.610760 0.409039
5 0.374020 0.373801 0.455664 0.373801 0.455664 0.410120 0.374020 0.410120
2 0.755813 0.417187 0.836397 0.408436 0.845139 0.444282 0.764557 0.453032
12 0.761796 0.451452 0.842770 0.444494 0.849722 0.480514 0.768748 0.487473
13 0.187896 0.421052 0.270534 0.435278 0.256321 0.472038 0.173682 0.457813
9 0.159605 0.655829 0.240610 0.649021 0.247410 0.685055 0.166406 0.691862
11 0.302704 0.828509 0.384348 0.828509 0.384348 0.864827 0.302704 0.864827
10 0.609099 0.835559 0.690743 0.835559 0.690743 0.871878 0.609099 0.871878
15 0.300063 0.861996 0.381707 0.861996 0.381707 0.898314 0.300063 0.898314
14 0.609099 0.869046 0.690743 0.869046 0.690743 0.905363 0.609099 0.905363
1 0.402048 0.391553 0.649453 0.391553 0.649453 0.501607 0.402048 0.501607
8 0.758820 0.653734 0.839595 0.661656 0.831680 0.697589 0.750904 0.689666
16 0.611795 0.414270 0.693439 0.414270 0.693439 0.450588 0.611795 0.450588
3 0.191234 0.388053 0.272390 0.397941 0.262502 0.434011 0.181346 0.424123
