4 0.595090 0.364945 0.677527 0.367100 0.675372 0.403739 0.592935 0.401584
5 0.345761 0.364228 0.428261 0.364228 0.428261 0.400895 0.345761 0.400895
2 0.755580 0.411589 0.837009 0.402754 0.845843 0.438945 0.764415 0.447779
12 0.761625 0.446183 0.843449 0.439159 0.850474 0.475525 0.768650 0.482550
3 0.172003 0.411569 0.253386 0.420588 0.244367 0.456759 0.162984 0.447739
13 0.157331 0.445912 0.242275 0.455838 0.232350 0.493590 0.147405 0.483665
9 0.144309 0.649232 0.233077 0.652952 0.229356 0.692405 0.140588 0.688684
11 0.297718 0.826862 0.380218 0.826862 0.380218 0.863529 0.297718 0.863529
10 0.607327 0.833980 0.689827 0.833980 0.689827 0.870647 0.607327 0.870647
15 0.295049 0.860671 0.377549 0.860671 0.377549 0.897337 0.295049 0.897337
14 0.607327 0.867788 0.689827 0.867788 0.689827 0.904454 0.607327 0.904454
1 0.379449 0.389284 0.629449 0.389284 0.629449 0.500395 0.379449 0.500395
8 0.767710 0.636181 0.860132 0.635908 0.860404 0.676987 0.767982 0.677258
16 0.593981 0.405154 0.676481 0.405154 0.676481 0.441821 0.593981 0.441821
6 0.545437 0.267441 0.597575 0.236076 0.628940 0.259249 0.576802 0.290614
7 0.401571 0.227174 0.447508 0.264865 0.409817 0.285282 0.363880 0.247591
