4 0.600321 0.395919 0.682821 0.395919 0.682821 0.432606 0.600321 0.432606
5 0.328079 0.395921 0.410579 0.395921 0.410579 0.432608 0.328079 0.432608
2 0.773821 0.434977 0.853989 0.421985 0.866973 0.457636 0.786805 0.470627
12 0.785268 0.471042 0.866198 0.460357 0.876878 0.496345 0.795948 0.507031
3 0.133380 0.434151 0.213281 0.447855 0.199585 0.483387 0.119684 0.469683
13 0.124007 0.470607 0.204625 0.482295 0.192944 0.518145 0.112326 0.506458
9 0.129176 0.821006 0.210483 0.811680 0.219803 0.847837 0.138496 0.857162
8 0.791826 0.788938 0.872162 0.801456 0.859644 0.837182 0.779309 0.824664
11 0.309396 0.873055 0.391896 0.873055 0.391896 0.909743 0.309396 0.909743
10 0.629681 0.874834 0.712181 0.874834 0.712181 0.911522 0.629681 0.911522
15 0.306727 0.905102 0.389227 0.905102 0.389227 0.941789 0.306727 0.941789
14 0.629681 0.906881 0.712181 0.906881 0.712181 0.943568 0.629681 0.943568
1 0.380450 0.410313 0.630450 0.410313 0.630450 0.521487 0.380450 0.521487
16 0.598001 0.424058 0.680494 0.424749 0.679803 0.461434 0.597310 0.460743
