4 0.557432 0.411197 0.670849 0.411197 0.670849 0.444015 0.557432 0.444015
5 0.345077 0.411197 0.468147 0.411197 0.468147 0.447876 0.345077 0.447876
2 0.708551 0.459258 0.780013 0.441564 0.790002 0.467383 0.718539 0.485077
12 0.703003 0.520536 0.778908 0.502737 0.793136 0.533518 0.717231 0.551317
3 0.240239 0.441763 0.317067 0.458788 0.305128 0.492600 0.228300 0.475575
13 0.226290 0.486260 0.314724 0.509742 0.302185 0.544628 0.213751 0.521146
11 0.289575 0.864865 0.402992 0.864865 0.402992 0.897683 0.289575 0.897683
10 0.583977 0.868726 0.697394 0.868726 0.697394 0.905405 0.583977 0.905405
6 0.568477 0.337563 0.545754 0.330195 0.589824 0.268615 0.612547 0.275982
7 0.395874 0.292007 0.413114 0.273762 0.439068 0.325754 0.421828 0.343998
1 0.393340 0.428571 0.625000 0.428571 0.625000 0.517375 0.393340 0.517375
8 0.743616 0.862861 0.811827 0.875372 0.803199 0.905479 0.734988 0.892968
9 0.181280 0.863197 0.248112 0.855244 0.253083 0.881977 0.186251 0.889930
