1 0.399396 0.457686 0.617444 0.457686 0.613126 0.557859 0.403714 0.550950
2 0.714594 0.459413 0.718912 0.485320 0.777202 0.473230 0.768566 0.442142
12 0.714595 0.504318 0.716754 0.537133 0.779362 0.525044 0.777203 0.490501
3 0.289292 0.468049 0.233161 0.452505 0.228843 0.481866 0.278497 0.495682
13 0.278497 0.514681 0.269861 0.542314 0.218047 0.531952 0.226683 0.499137
11 0.302246 0.863557 0.302246 0.892918 0.367013 0.892918 0.367013 0.860103
9 0.187824 0.880829 0.187824 0.905010 0.250432 0.898101 0.246114 0.872193
8 0.737568 0.883233 0.736206 0.904558 0.801804 0.921633 0.805165 0.896794
4 0.589378 0.405873 0.587220 0.433506 0.664940 0.438688 0.658463 0.404145
11 0.610967 0.873920 0.613126 0.903281 0.695164 0.899827 0.690846 0.867012
