4 0.552182 0.398482 0.555028 0.426945 0.660342 0.426945 0.651803 0.398482
5 0.310247 0.402277 0.310247 0.426945 0.415560 0.428843 0.409867 0.398482
1 0.361480 0.502847 0.606262 0.500949 0.597723 0.415560 0.352941 0.413663
11 0.296015 0.804554 0.296015 0.829222 0.381404 0.829222 0.381404 0.802656
3 0.165085 0.409867 0.222011 0.428843 0.216319 0.462998 0.159393 0.445920
13 0.156546 0.468691 0.216319 0.480076 0.213472 0.514231 0.156546 0.506641
2 0.688805 0.442125 0.691651 0.470588 0.751423 0.461101 0.751423 0.426945
12 0.691651 0.491461 0.694497 0.521822 0.759962 0.508539 0.754269 0.472486
10 0.629032 0.804554 0.626186 0.831120 0.740038 0.831120 0.731499 0.798861
9 0.173624 0.812144 0.176471 0.836812 0.253321 0.821632 0.241935 0.796964
8 0.782732 0.814042 0.774194 0.834915 0.836812 0.846300 0.831120 0.817837
