4 0.552182 0.398482 0.555028 0.426945 0.660342 0.426945 0.651803 0.398482
5 0.310247 0.402277 0.310247 0.426945 0.415560 0.428843 0.409867 0.398482
1 0.352941 0.502847 0.597723 0.500949 0.600569 0.419355 0.355787 0.417458
11 0.287476 0.804554 0.287477 0.833017 0.372866 0.833017 0.372865 0.802656
10 0.646110 0.806452 0.648956 0.834915 0.742884 0.834915 0.740038 0.800759
3 0.162239 0.411765 0.216319 0.423150 0.207780 0.455408 0.156546 0.444023
13 0.156546 0.470588 0.153700 0.500949 0.213472 0.514231 0.216319 0.480076
2 0.751423 0.425047 0.694497 0.434535 0.700190 0.466793 0.748577 0.455408
12 0.754269 0.474383 0.697343 0.483871 0.697343 0.512334 0.759962 0.500949
9 0.173624 0.814042 0.176471 0.834915 0.244782 0.823529 0.241935 0.804554
9 0.782732 0.812144 0.777040 0.836812 0.828273 0.846300 0.833966 0.817837
