4 0.582046 0.272201 0.732625 0.272201 0.732625 0.306950 0.582046 0.306950
1 0.333012 0.268340 0.692085 0.268340 0.692085 0.374518 0.333012 0.374518
2 0.133205 0.276062 0.225869 0.308880 0.217181 0.337838 0.124517 0.305019
12 0.122798 0.326048 0.236459 0.364320 0.213110 0.399822 0.099448 0.361550
13 0.767375 0.368726 0.894788 0.333976 0.900579 0.376447 0.773166 0.411197
3 0.777226 0.320258 0.872645 0.283660 0.870457 0.320669 0.775039 0.357267
8 0.819498 0.739383 0.929537 0.739383 0.929537 0.777993 0.819498 0.777993
9 0.066602 0.733591 0.173745 0.733591 0.173745 0.777993 0.066602 0.777993
11 0.251931 0.722008 0.402510 0.722008 0.402510 0.754826 0.251931 0.754826
10 0.573359 0.722008 0.732625 0.722008 0.732625 0.760618 0.573359 0.760618
7 0.535699 0.183879 0.600768 0.116155 0.628394 0.142376 0.563324 0.210100
7 0.396879 0.105138 0.442065 0.167768 0.419723 0.201812 0.374537 0.139182
5 0.277992 0.276062 0.428571 0.276062 0.428571 0.303089 0.277992 0.303089
