3 0.202073 0.419689 0.194301 0.445596 0.253886 0.462867 0.259067 0.435233
13 0.189119 0.488774 0.194301 0.459413 0.259067 0.478411 0.253886 0.506045
7 0.383420 0.348877 0.463731 0.404145 0.492228 0.388601 0.422280 0.336788
6 0.590674 0.390328 0.616580 0.407599 0.660622 0.350604 0.621762 0.335060
4 0.603627 0.426598 0.608808 0.450777 0.707254 0.449050 0.704663 0.419689
5 0.335998 0.426483 0.337663 0.457551 0.477285 0.450771 0.465634 0.426853
1 0.443188 0.550502 0.671199 0.544170 0.665795 0.437218 0.429662 0.440476
9 0.427461 0.609672 0.419689 0.668394 0.479275 0.668394 0.497409 0.625216
11 0.344560 0.792746 0.339378 0.829016 0.445596 0.827288 0.450777 0.799655
10 0.668394 0.787565 0.670984 0.813472 0.787565 0.799655 0.777202 0.773748
14 0.681347 0.849741 0.683938 0.875648 0.803109 0.867012 0.797927 0.839378
15 0.339378 0.856649 0.334197 0.884283 0.455959 0.887737 0.458549 0.861831
8 0.720727 0.594762 0.758131 0.630972 0.794540 0.628335 0.752510 0.589800
