4 0.590673 0.402417 0.593264 0.431779 0.694300 0.435234 0.699481 0.407599
5 0.339378 0.412781 0.341969 0.438688 0.461140 0.436961 0.458549 0.405872
2 0.735751 0.457686 0.738342 0.480138 0.792746 0.468048 0.792746 0.443869
12 0.727979 0.500864 0.725389 0.521589 0.795337 0.512953 0.795337 0.483593
3 0.195275 0.424112 0.253552 0.434328 0.251044 0.468761 0.191321 0.453454
13 0.184591 0.476054 0.184834 0.510639 0.242594 0.518911 0.250676 0.490941
9 0.209844 0.803109 0.212435 0.834197 0.282383 0.830743 0.274611 0.796200
14 0.639896 0.818653 0.637306 0.844560 0.738342 0.842832 0.735751 0.816926
15 0.318653 0.818653 0.318653 0.848014 0.424871 0.849741 0.422280 0.822107
6 0.582902 0.300518 0.603627 0.328152 0.632124 0.295337 0.611399 0.271157
7 0.404145 0.281520 0.437824 0.314335 0.458549 0.290155 0.430052 0.260794
1 0.401554 0.462867 0.398964 0.561313 0.663212 0.566494 0.660622 0.464594
