4 0.547297 0.440154 0.697876 0.440154 0.697876 0.474903 0.547297 0.474903
5 0.306950 0.438224 0.469112 0.438224 0.469112 0.478764 0.306950 0.478764
1 0.370656 0.440154 0.654440 0.440154 0.654440 0.532819 0.370656 0.532819
11 0.309846 0.754826 0.454633 0.754826 0.454633 0.791506 0.309846 0.791506
10 0.576255 0.758687 0.721042 0.758687 0.721042 0.793436 0.576255 0.793436
13 0.185328 0.459459 0.295367 0.496139 0.295367 0.532819 0.185328 0.496139
3 0.194170 0.403544 0.302893 0.439369 0.298108 0.476765 0.189385 0.440940
2 0.709459 0.463320 0.793436 0.434363 0.787645 0.472973 0.703668 0.501931
12 0.697876 0.521236 0.787645 0.484556 0.790541 0.519305 0.700772 0.555985
9 0.205598 0.791506 0.260618 0.776062 0.260618 0.828185 0.205598 0.843629
8 0.770270 0.783784 0.839768 0.770270 0.839768 0.816602 0.770270 0.830116
7 0.430431 0.246465 0.411131 0.262226 0.441191 0.330755 0.460491 0.314994
6 0.573359 0.308880 0.579151 0.239382 0.596525 0.274131 0.590734 0.343629
14 0.616795 0.814672 0.741313 0.814672 0.741313 0.839768 0.616795 0.839768
15 0.304054 0.816602 0.437259 0.816602 0.437259 0.845560 0.304054 0.845560
