7 0.352332 0.322971 0.424870 0.400691 0.463731 0.385147 0.396373 0.314335
6 0.523316 0.386874 0.564767 0.405872 0.632124 0.336788 0.590674 0.326425
9 0.246114 0.825561 0.251295 0.854922 0.336788 0.846287 0.326425 0.818653
8 0.766839 0.820380 0.761658 0.851468 0.810881 0.851468 0.803109 0.827288
10 0.637306 0.753022 0.637306 0.780656 0.740933 0.775475 0.730570 0.751295
14 0.639896 0.803109 0.639896 0.830743 0.746114 0.827288 0.740933 0.801382
11 0.323834 0.768566 0.323834 0.799655 0.445596 0.794473 0.435233 0.763385
3 0.199482 0.390328 0.194301 0.423143 0.264249 0.430052 0.269430 0.398964
13 0.194301 0.442142 0.202073 0.469775 0.269430 0.474957 0.264249 0.455959
2 0.704663 0.424870 0.759067 0.409326 0.753886 0.438687 0.709845 0.452504
12 0.761658 0.454231 0.704663 0.459413 0.704663 0.485320 0.751295 0.481865
4 0.567358 0.423143 0.569948 0.443869 0.665803 0.449050 0.660622 0.419689
5 0.313472 0.416235 0.313472 0.445596 0.409326 0.445596 0.411917 0.417962
1 0.393782 0.552677 0.637306 0.554404 0.624352 0.435233 0.391192 0.436960
