7 0.360104 0.129534 0.378238 0.200345 0.443005 0.179620 0.409326 0.107081
6 0.536269 0.181347 0.593264 0.198618 0.624352 0.126079 0.582902 0.107081
4 0.575130 0.257340 0.572539 0.297064 0.715026 0.298791 0.709845 0.252159
5 0.256477 0.264249 0.256477 0.302245 0.419689 0.300518 0.422280 0.259067
2 0.779793 0.303972 0.800518 0.336788 0.875648 0.309154 0.854922 0.269430
12 0.810881 0.352332 0.826425 0.379965 0.898964 0.352332 0.883420 0.322971
3 0.134386 0.286914 0.208743 0.307131 0.192542 0.348753 0.119769 0.323178
13 0.111399 0.341969 0.095855 0.369603 0.183938 0.392055 0.194301 0.364421
9 0.075130 0.694301 0.080311 0.753022 0.178756 0.754750 0.178756 0.696028
8 0.829016 0.694301 0.818653 0.749568 0.914508 0.756477 0.917098 0.694301
11 0.248705 0.732297 0.251295 0.761658 0.375648 0.761658 0.373057 0.728843
11 0.619171 0.730570 0.621762 0.759931 0.735751 0.759931 0.727979 0.725389
