4 0.561776 0.289575 0.712355 0.289575 0.712355 0.324324 0.561776 0.324324
5 0.280888 0.291506 0.451737 0.291506 0.451737 0.326255 0.280888 0.326255
1 0.312742 0.299228 0.671815 0.299228 0.671815 0.405406 0.312742 0.405406
2 0.133205 0.276062 0.225869 0.308880 0.208494 0.345560 0.115830 0.312741
12 0.122798 0.324117 0.236459 0.362389 0.213110 0.399822 0.099448 0.361550
13 0.767375 0.368726 0.886101 0.339768 0.891892 0.382239 0.773166 0.411197
3 0.774330 0.302883 0.872645 0.283660 0.870457 0.320669 0.772143 0.339892
8 0.825289 0.731661 0.935328 0.731661 0.935328 0.770271 0.825289 0.770271
9 0.069498 0.735521 0.176641 0.735521 0.176641 0.779923 0.069498 0.779923
11 0.251931 0.722008 0.402510 0.722008 0.402510 0.754826 0.251931 0.754826
10 0.573359 0.722008 0.732625 0.722008 0.732625 0.760618 0.573359 0.760618
