4 0.555985 0.268340 0.706564 0.268340 0.706564 0.303089 0.555985 0.303089
5 0.286680 0.268340 0.457529 0.268340 0.457529 0.303089 0.286680 0.303089
1 0.318533 0.276062 0.677606 0.276062 0.677606 0.382240 0.318533 0.382240
2 0.147684 0.279923 0.225869 0.308880 0.208494 0.345560 0.130309 0.316602
12 0.122798 0.324117 0.236459 0.362389 0.213110 0.399822 0.099448 0.361550
13 0.767375 0.368726 0.880309 0.337837 0.886100 0.380308 0.773166 0.411197
3 0.773913 0.303954 0.871214 0.282561 0.870874 0.319598 0.773574 0.340991
8 0.816852 0.712043 0.918199 0.718461 0.917704 0.757070 0.816357 0.750651
9 0.081081 0.712355 0.173745 0.712355 0.173745 0.756757 0.081081 0.756757
11 0.251931 0.722008 0.402510 0.722008 0.402510 0.754826 0.251931 0.754826
10 0.573359 0.722008 0.732625 0.722008 0.732625 0.760618 0.573359 0.760618
7 0.529593 0.184383 0.579779 0.119976 0.631604 0.134149 0.581418 0.198556
7 0.402975 0.118937 0.442759 0.183175 0.384670 0.193804 0.344886 0.129566
