4 0.518340 0.430502 0.651544 0.430502 0.651544 0.472973 0.518340 0.472973
5 0.283784 0.432432 0.434363 0.432432 0.434363 0.472973 0.283784 0.472973
6 0.572191 0.361454 0.603824 0.371795 0.606381 0.310360 0.574748 0.300020
1 0.338803 0.442085 0.625483 0.442085 0.625483 0.532819 0.338803 0.532819
2 0.683398 0.399614 0.750000 0.376448 0.741313 0.413127 0.674710 0.436293
12 0.669624 0.489601 0.743711 0.467019 0.752191 0.429318 0.678104 0.451900
3 0.179537 0.370656 0.249035 0.403475 0.243243 0.432432 0.173745 0.399614
13 0.174310 0.414407 0.261287 0.447861 0.242679 0.483276 0.155702 0.449822
14 0.543499 0.718681 0.684018 0.695414 0.695883 0.727265 0.555365 0.750532
15 0.330116 0.718147 0.448842 0.720077 0.445946 0.747104 0.327220 0.745174
