4 0.580311 0.366149 0.569948 0.386874 0.663212 0.393782 0.665803 0.366149
5 0.290155 0.378238 0.287565 0.402418 0.404145 0.402418 0.404145 0.374784
2 0.738342 0.436960 0.743523 0.457686 0.795337 0.447323 0.790155 0.421416
12 0.751295 0.497409 0.808290 0.492228 0.797927 0.454231 0.743523 0.462867
3 0.246114 0.471503 0.194301 0.462867 0.212435 0.426598 0.248705 0.440415
13 0.248705 0.518135 0.189119 0.512953 0.186528 0.474957 0.246114 0.476684
10 0.629534 0.780656 0.634715 0.808290 0.704663 0.806563 0.699482 0.773748
11 0.287565 0.775475 0.279793 0.801382 0.375648 0.804836 0.375648 0.777202
9 0.178756 0.846287 0.181347 0.870466 0.266839 0.867012 0.264249 0.839378
8 0.717617 0.834197 0.715026 0.865285 0.790155 0.875648 0.803109 0.851468
14 0.582902 0.830743 0.580311 0.863558 0.670984 0.867012 0.668394 0.830743
15 0.352332 0.865285 0.360104 0.830743 0.284974 0.827288 0.277202 0.854922
6 0.582902 0.295337 0.606218 0.333333 0.650259 0.328152 0.626943 0.274611
7 0.380829 0.271157 0.341969 0.307427 0.391192 0.321244 0.411917 0.293610
