16 0.577720 0.459413 0.569948 0.492228 0.683938 0.502591 0.691710 0.461140
4 0.575130 0.379965 0.569948 0.402418 0.683938 0.407599 0.683938 0.374784
5 0.318653 0.386874 0.310881 0.416235 0.437824 0.416235 0.437824 0.385147
2 0.795337 0.409326 0.800518 0.438687 0.847150 0.426598 0.836788 0.393782
12 0.808290 0.481865 0.860104 0.476684 0.849741 0.443869 0.803109 0.452504
11 0.272021 0.803109 0.261658 0.830743 0.365285 0.844560 0.365285 0.811744
10 0.647668 0.818653 0.647668 0.851468 0.761658 0.842832 0.748705 0.808290
3 0.202073 0.440415 0.160622 0.419689 0.181347 0.386874 0.202073 0.409326
13 0.176166 0.483592 0.134715 0.468048 0.147668 0.436960 0.191710 0.454231
1 0.367876 0.449050 0.375648 0.545769 0.637306 0.547496 0.634715 0.440415
