16 0.608808 0.426598 0.601036 0.473230 0.704663 0.478411 0.722798 0.440415
2 0.769430 0.407599 0.772021 0.436960 0.829016 0.428325 0.821244 0.385147
12 0.779793 0.480138 0.839378 0.473230 0.836788 0.430052 0.764249 0.438687
3 0.233161 0.421416 0.176166 0.409326 0.191710 0.367876 0.240933 0.390328
13 0.227979 0.457686 0.170984 0.450777 0.181347 0.411054 0.246114 0.430052
4 0.606218 0.355786 0.603627 0.383420 0.702073 0.385147 0.691710 0.354059
5 0.318653 0.355786 0.318653 0.386874 0.424870 0.390328 0.419689 0.357513
1 0.414508 0.506045 0.621762 0.506045 0.637306 0.385147 0.393782 0.385147
9 0.168394 0.754750 0.181347 0.784111 0.243523 0.777202 0.238342 0.754750
8 0.753886 0.754750 0.751295 0.782383 0.823834 0.791019 0.834197 0.761658
10 0.613990 0.765112 0.619171 0.787565 0.704663 0.782383 0.691710 0.758204
11 0.297927 0.761658 0.292746 0.784111 0.362694 0.791019 0.362694 0.770294
