16 0.639896 0.267703 0.626943 0.305699 0.748705 0.309154 0.748705 0.272884
9 0.181347 0.670121 0.209845 0.701209 0.290155 0.675302 0.274611 0.649396
8 0.764249 0.704663 0.748705 0.737478 0.847150 0.754750 0.847150 0.723661
4 0.616580 0.188256 0.611399 0.219344 0.743523 0.224525 0.738342 0.193437
5 0.264249 0.191710 0.269430 0.221071 0.398964 0.219344 0.398964 0.186528
1 0.352332 0.324698 0.642487 0.326425 0.634715 0.219344 0.344560 0.222798
2 0.826425 0.207254 0.875648 0.184801 0.901554 0.226252 0.852332 0.238342
12 0.862694 0.286701 0.919689 0.278066 0.904145 0.234888 0.849741 0.246978
3 0.108808 0.202073 0.085492 0.248705 0.145078 0.257340 0.155440 0.226252
13 0.132124 0.297064 0.069948 0.286701 0.088083 0.248705 0.147668 0.255613
10 0.634715 0.682211 0.629534 0.716753 0.748705 0.718480 0.740933 0.680484
11 0.367876 0.718480 0.370466 0.685665 0.292746 0.685665 0.287565 0.713299
