4 0.559296 0.427950 0.672215 0.429197 0.671399 0.462011 0.558480 0.460764
5 0.315637 0.420849 0.443050 0.420849 0.443050 0.455598 0.315637 0.455598
16 0.567568 0.490347 0.697876 0.490347 0.697876 0.532819 0.567568 0.532819
2 0.731419 0.451733 0.843476 0.420216 0.852558 0.453673 0.740501 0.485190
12 0.735423 0.520952 0.858297 0.486662 0.877511 0.517658 0.754638 0.551948
3 0.176751 0.389799 0.261202 0.429624 0.240237 0.467344 0.155786 0.427518
13 0.160414 0.457410 0.264814 0.499636 0.239200 0.531007 0.134800 0.488781
6 0.545942 0.313672 0.599088 0.265894 0.629734 0.286714 0.576587 0.334492
7 0.422804 0.264475 0.474386 0.309455 0.448818 0.335911 0.397235 0.290931
10 0.289575 0.818533 0.443050 0.818533 0.443050 0.847490 0.289575 0.847490
11 0.602317 0.814672 0.744208 0.814672 0.744208 0.849421 0.602317 0.849421
1 0.373552 0.488417 0.663127 0.488417 0.663127 0.579151 0.373552 0.579151
