7 0.443005 0.321244 0.388601 0.288428 0.414508 0.265976 0.458549 0.297064
6 0.549223 0.314335 0.572539 0.333333 0.619171 0.295337 0.585492 0.284974
2 0.756477 0.452504 0.766839 0.480138 0.849741 0.457686 0.829016 0.426598
12 0.769430 0.493955 0.782383 0.519862 0.867876 0.497409 0.852332 0.471503
3 0.233161 0.428325 0.217617 0.459413 0.158031 0.428325 0.176166 0.390328
13 0.215026 0.478411 0.199482 0.507772 0.134715 0.481865 0.145078 0.449050
4 0.567358 0.390328 0.562176 0.414508 0.683938 0.424870 0.681347 0.388601
5 0.284974 0.385147 0.290155 0.412781 0.417098 0.411054 0.411917 0.378238
16 0.554404 0.492228 0.554404 0.537133 0.673575 0.538860 0.681347 0.493955
11 0.290155 0.830743 0.290155 0.854922 0.406736 0.861831 0.404145 0.832470
10 0.624352 0.829016 0.632124 0.858377 0.720207 0.849741 0.717617 0.822107
