1 0.376110 0.353036 0.625207 0.355104 0.635575 0.457004 0.376110 0.454936
2 0.814686 0.412270 0.734331 0.422633 0.747291 0.447175 0.830239 0.433358
3 0.167980 0.418984 0.166404 0.448005 0.231207 0.463549 0.243151 0.432801
4 0.681726 0.366342 0.686910 0.404338 0.596186 0.404338 0.593594 0.364615
5 0.313392 0.364274 0.308208 0.403997 0.406708 0.405725 0.406708 0.360820
10 0.624141 0.792599 0.624141 0.827141 0.717457 0.825414 0.717457 0.787417
11 0.281474 0.785861 0.281474 0.820403 0.367013 0.825585 0.369605 0.784134
13 0.148008 0.462998 0.136622 0.495256 0.213472 0.512334 0.219165 0.476281
12 0.831120 0.451613 0.845351 0.476281 0.774194 0.491461 0.757116 0.464896
16 0.577799 0.476281 0.572106 0.444023 0.674573 0.442125 0.683112 0.478178
