4 0.589184 0.318786 0.589184 0.352942 0.688804 0.351044 0.683112 0.316889
16 0.589184 0.400380 0.594877 0.438330 0.697343 0.434535 0.688805 0.396585
2 0.868121 0.309298 0.811195 0.360532 0.845351 0.383302 0.916508 0.333966
12 0.925048 0.343453 0.859583 0.392789 0.888046 0.419354 0.953511 0.371916
13 0.037002 0.383301 0.099620 0.415559 0.125237 0.394686 0.065465 0.352941
3 0.074004 0.349147 0.139468 0.388994 0.170777 0.370019 0.102467 0.322581
10 0.637572 0.755219 0.631879 0.793169 0.731500 0.795067 0.731500 0.757116
11 0.270398 0.751423 0.355787 0.751423 0.350095 0.789373 0.261859 0.791271
1 0.344402 0.303606 0.347248 0.438330 0.640417 0.436433 0.629032 0.297913
5 0.284630 0.314990 0.270398 0.351043 0.384250 0.351043 0.387097 0.311195
