4 0.609108 0.314990 0.609108 0.354839 0.708728 0.352941 0.703036 0.313093
16 0.586337 0.404175 0.583491 0.447817 0.685957 0.444022 0.685958 0.400380
2 0.862429 0.307401 0.805503 0.358635 0.839659 0.381405 0.910816 0.332069
12 0.927894 0.343453 0.862429 0.392789 0.890892 0.419354 0.956357 0.371916
13 0.025617 0.390891 0.088235 0.423149 0.116698 0.398481 0.056926 0.356736
3 0.076850 0.349147 0.133776 0.388994 0.167931 0.364327 0.108159 0.316888
10 0.629033 0.749526 0.623340 0.787476 0.722961 0.789374 0.722961 0.751423
11 0.264705 0.751423 0.350094 0.751423 0.344402 0.789373 0.256166 0.791271
1 0.327324 0.316888 0.335863 0.428842 0.629032 0.426945 0.611954 0.311195
5 0.264706 0.320683 0.261859 0.358634 0.370019 0.354838 0.361481 0.313093
