4 0.588226 0.393959 0.672775 0.393959 0.672775 0.431583 0.588226 0.431583
5 0.359807 0.392079 0.444355 0.392079 0.444355 0.429703 0.359807 0.429703
3 0.235100 0.388077 0.316535 0.403248 0.301382 0.439487 0.219946 0.424314
14 0.608885 0.816377 0.693433 0.816377 0.693433 0.854000 0.608885 0.854000
15 0.300906 0.812833 0.385454 0.812833 0.385454 0.850455 0.300906 0.850455
11 0.300906 0.775616 0.385454 0.775616 0.385454 0.813240 0.300906 0.813240
10 0.608885 0.775616 0.693433 0.775616 0.693433 0.813240 0.608885 0.813240
13 0.220087 0.424618 0.301582 0.439647 0.286571 0.475912 0.205076 0.460882
1 0.382044 0.394233 0.638251 0.394233 0.638251 0.508243 0.382044 0.508243
7 0.403550 0.272614 0.438606 0.323970 0.387313 0.339568 0.352258 0.288214
6 0.570974 0.322256 0.606918 0.271176 0.657936 0.287170 0.621991 0.338252
16 0.589026 0.415367 0.673574 0.415367 0.673574 0.452991 0.589026 0.452991
