4 0.588219 0.393959 0.672770 0.393959 0.672770 0.431583 0.588219 0.431583
5 0.359792 0.392079 0.444343 0.392079 0.444343 0.429703 0.359792 0.429703
3 0.235080 0.388077 0.316519 0.403248 0.301365 0.439487 0.219927 0.424314
14 0.608878 0.816377 0.693429 0.816377 0.693429 0.854000 0.608878 0.854000
15 0.300889 0.812833 0.385440 0.812833 0.385440 0.850455 0.300889 0.850455
11 0.300889 0.775616 0.385440 0.775616 0.385440 0.813240 0.300889 0.813240
10 0.608878 0.775616 0.693429 0.775616 0.693429 0.813240 0.608878 0.813240
13 0.220067 0.424618 0.301565 0.439647 0.286553 0.475912 0.205056 0.460882
1 0.382030 0.394233 0.638246 0.394233 0.638246 0.508243 0.382030 0.508243
7 0.403537 0.272614 0.438593 0.323970 0.387299 0.339568 0.352243 0.288214
6 0.570966 0.322256 0.606912 0.271176 0.657931 0.287170 0.621985 0.338252
16 0.589018 0.415367 0.673570 0.415367 0.673570 0.452991 0.589018 0.452991
