4 0.608874 0.374400 0.693407 0.375130 0.692678 0.412728 0.608144 0.411998
5 0.354149 0.379580 0.438690 0.379580 0.438690 0.417181 0.354149 0.417181
1 0.378690 0.383535 0.634818 0.387160 0.631194 0.501077 0.375067 0.497452
3 0.241085 0.407320 0.325626 0.407320 0.325626 0.444921 0.241085 0.444921
13 0.240363 0.447243 0.324904 0.447243 0.324904 0.484845 0.240363 0.484845
8 0.726907 0.722300 0.808995 0.735790 0.795515 0.772299 0.713428 0.758810
10 0.585204 0.749731 0.669742 0.749286 0.670188 0.786886 0.585650 0.787331
11 0.311172 0.736956 0.393624 0.749418 0.381170 0.786091 0.298719 0.773627
15 0.269011 0.811543 0.353277 0.816097 0.348726 0.853576 0.264462 0.849021
14 0.604607 0.836374 0.685514 0.820016 0.701859 0.856002 0.620951 0.872359
16 0.608509 0.397431 0.693050 0.397431 0.693050 0.435032 0.608509 0.435032
