4 0.577956 0.396334 0.662140 0.396334 0.662140 0.433761 0.577956 0.433761
5 0.328179 0.398270 0.412362 0.398270 0.412362 0.435699 0.328179 0.435699
2 0.746792 0.410235 0.830969 0.409553 0.831651 0.446978 0.747473 0.447660
3 0.213469 0.423451 0.297653 0.423451 0.297653 0.460879 0.213469 0.460879
13 0.217841 0.460252 0.302024 0.460252 0.302024 0.497680 0.217841 0.497680
11 0.307723 0.833136 0.391857 0.835075 0.389920 0.872480 0.305787 0.870542
10 0.581310 0.832049 0.665493 0.831738 0.665802 0.869165 0.581620 0.869475
14 0.587343 0.880987 0.671028 0.874879 0.677134 0.912085 0.593450 0.918193
15 0.308192 0.879586 0.391549 0.887437 0.383701 0.924496 0.300344 0.916647
1 0.364704 0.406393 0.619806 0.406393 0.619806 0.519810 0.364704 0.519810
16 0.579087 0.420931 0.663270 0.420931 0.663270 0.458359 0.579087 0.458359
