4 0.543436 0.375595 0.627074 0.375595 0.627074 0.412787 0.543436 0.412787
5 0.309964 0.377750 0.393602 0.377750 0.393602 0.414941 0.309964 0.414941
2 0.673259 0.399663 0.756897 0.399663 0.756897 0.436855 0.673259 0.436855
12 0.679059 0.440558 0.762697 0.440558 0.762697 0.477751 0.679059 0.477751
3 0.140173 0.400139 0.223811 0.400139 0.223811 0.437331 0.140173 0.437331
13 0.137287 0.440558 0.220925 0.440558 0.220925 0.477751 0.137287 0.477751
11 0.283168 0.807106 0.366770 0.808733 0.365143 0.845910 0.281541 0.844282
15 0.287422 0.855478 0.371060 0.855478 0.371060 0.892669 0.287422 0.892669
1 0.346709 0.380657 0.600158 0.380657 0.600158 0.493361 0.346709 0.493361
6 0.540427 0.231843 0.585110 0.266253 0.550718 0.286123 0.506035 0.251713
8 0.651778 0.768371 0.732047 0.784046 0.716380 0.819739 0.636112 0.804065
9 0.134402 0.806254 0.218040 0.806254 0.218040 0.843447 0.134402 0.843447
16 0.543819 0.401416 0.627457 0.401416 0.627457 0.438609 0.543819 0.438609
