4 0.542113 0.376685 0.625756 0.376685 0.625756 0.413899 0.542113 0.413899
5 0.308368 0.370908 0.392011 0.370908 0.392011 0.408121 0.308368 0.408121
2 0.680629 0.397869 0.764272 0.397869 0.764272 0.435083 0.680629 0.435083
12 0.677744 0.440238 0.761387 0.440238 0.761387 0.477451 0.677744 0.477451
3 0.140996 0.399795 0.224639 0.399795 0.224639 0.437008 0.140996 0.437008
13 0.138109 0.440238 0.221752 0.440238 0.221752 0.477451 0.138109 0.477451
11 0.274781 0.810052 0.358389 0.811681 0.356762 0.848878 0.273154 0.847249
15 0.273394 0.853829 0.357037 0.853829 0.357037 0.891042 0.273394 0.891042
1 0.339427 0.383914 0.592891 0.383914 0.592891 0.496683 0.339427 0.496683
6 0.543395 0.232799 0.583213 0.266602 0.549446 0.284317 0.509628 0.250515
8 0.645151 0.773086 0.727747 0.781893 0.718949 0.818640 0.636353 0.809833
16 0.544667 0.412662 0.628310 0.412662 0.628310 0.449875 0.544667 0.449875
