4 0.540421 0.376685 0.624059 0.376685 0.624059 0.413899 0.540421 0.413899
5 0.306691 0.370908 0.390329 0.370908 0.390329 0.408121 0.306691 0.408121
2 0.678928 0.397869 0.762566 0.397869 0.762566 0.435083 0.678928 0.435083
12 0.676043 0.440238 0.759681 0.440238 0.759681 0.477451 0.676043 0.477451
3 0.139329 0.399795 0.222967 0.399795 0.222967 0.437008 0.139329 0.437008
13 0.136442 0.440238 0.220080 0.440238 0.220080 0.477451 0.136442 0.477451
11 0.273106 0.810052 0.356708 0.811681 0.355081 0.848878 0.271479 0.847249
15 0.271719 0.853829 0.355357 0.853829 0.355357 0.891042 0.271719 0.891042
1 0.337747 0.382109 0.591195 0.382109 0.591195 0.494877 0.337747 0.494877
6 0.541703 0.232799 0.581518 0.266602 0.547753 0.284317 0.507938 0.250515
8 0.643452 0.773086 0.726043 0.781893 0.717245 0.818640 0.634655 0.809833
16 0.542974 0.412662 0.626612 0.412662 0.626612 0.449875 0.542974 0.449875
