4 0.570102 0.385039 0.654723 0.385039 0.654723 0.422684 0.570102 0.422684
5 0.339464 0.385039 0.424085 0.385039 0.424085 0.422684 0.339464 0.422684
2 0.718789 0.355506 0.802778 0.348615 0.809661 0.385979 0.725673 0.392870
12 0.720276 0.396542 0.803381 0.385901 0.814012 0.422871 0.730907 0.433513
3 0.197799 0.368133 0.282325 0.370818 0.279642 0.408421 0.195116 0.405735
13 0.196411 0.408418 0.281031 0.408418 0.281031 0.446063 0.196411 0.446063
15 0.279845 0.855684 0.364245 0.859759 0.360174 0.897306 0.275774 0.893231
14 0.594583 0.858798 0.679204 0.858798 0.679204 0.896444 0.594583 0.896444
10 0.591664 0.814205 0.676284 0.814205 0.676284 0.851850 0.591664 0.851850
11 0.283458 0.811445 0.367853 0.815565 0.363737 0.853110 0.279342 0.848989
1 0.365046 0.389676 0.621473 0.389676 0.621473 0.503753 0.365046 0.503753
6 0.543875 0.288859 0.578222 0.238634 0.628400 0.253914 0.594053 0.304139
16 0.574132 0.416106 0.658753 0.416106 0.658753 0.453752 0.574132 0.453752
