4 0.567067 0.391590 0.651632 0.391590 0.651632 0.429191 0.567067 0.429191
5 0.336580 0.395481 0.421145 0.395481 0.421145 0.433083 0.336580 0.433083
2 0.731929 0.378480 0.815863 0.371597 0.822742 0.408917 0.738809 0.415801
3 0.211231 0.368614 0.295797 0.368614 0.295797 0.406215 0.211231 0.406215
13 0.205959 0.406407 0.290524 0.406407 0.290524 0.444009 0.205959 0.444009
15 0.276331 0.864832 0.360676 0.868902 0.356608 0.906405 0.272263 0.902335
14 0.562142 0.866817 0.646707 0.866817 0.646707 0.904419 0.562142 0.904419
10 0.560911 0.826239 0.645476 0.826239 0.645476 0.863839 0.560911 0.863839
11 0.280960 0.820946 0.365300 0.825061 0.361187 0.862562 0.276847 0.858447
1 0.367435 0.400962 0.623693 0.400962 0.623693 0.514906 0.367435 0.514906
6 0.580735 0.304725 0.604501 0.250597 0.658606 0.261163 0.634841 0.315293
16 0.566705 0.424102 0.651270 0.424102 0.651270 0.461704 0.566705 0.461704
