4 0.567079 0.391237 0.651647 0.391237 0.651647 0.428861 0.567079 0.428861
5 0.336585 0.395131 0.421153 0.395131 0.421153 0.432755 0.336585 0.432755
2 0.731947 0.378119 0.815883 0.371232 0.822762 0.408575 0.738827 0.415462
3 0.211233 0.368247 0.295801 0.368247 0.295801 0.405871 0.211233 0.405871
13 0.205960 0.406063 0.290528 0.406063 0.290528 0.443686 0.205960 0.443686
15 0.276335 0.864754 0.360682 0.868826 0.356614 0.906351 0.272266 0.902279
14 0.562155 0.866740 0.646723 0.866740 0.646723 0.904364 0.562155 0.904364
10 0.560924 0.826138 0.645492 0.826138 0.645492 0.863760 0.560924 0.863760
11 0.280964 0.820842 0.365306 0.824960 0.361193 0.862483 0.276850 0.858365
1 0.364705 0.400614 0.620972 0.400614 0.620972 0.514625 0.364705 0.514625
6 0.580748 0.304322 0.604515 0.250162 0.658622 0.260735 0.634855 0.314896
16 0.566717 0.422304 0.651285 0.422304 0.651285 0.459926 0.566717 0.459926
