4 0.582066 0.368373 0.666023 0.368373 0.666023 0.405735 0.582066 0.405735
5 0.344546 0.364506 0.428504 0.364506 0.428504 0.401868 0.344546 0.401868
10 0.598857 0.817734 0.682815 0.817734 0.682815 0.855096 0.598857 0.855096
2 0.727669 0.389642 0.811626 0.389642 0.811626 0.427005 0.727669 0.427005
12 0.727669 0.426122 0.811626 0.426122 0.811626 0.463485 0.727669 0.463485
3 0.201452 0.387967 0.285409 0.387967 0.285409 0.425330 0.201452 0.425330
13 0.198943 0.430247 0.282900 0.430247 0.282900 0.467610 0.198943 0.467610
6 0.572352 0.321524 0.607537 0.270638 0.658356 0.286296 0.623172 0.337182
6 0.386525 0.268298 0.433096 0.314929 0.386525 0.335655 0.339954 0.289024
1 0.388581 0.398961 0.642996 0.398961 0.642996 0.512183 0.388581 0.512183
14 0.302784 0.858765 0.386713 0.860193 0.385287 0.897545 0.301357 0.896116
11 0.302669 0.819907 0.386626 0.819907 0.386626 0.857271 0.302669 0.857271
14 0.596168 0.860000 0.680125 0.860000 0.680125 0.897362 0.596168 0.897362
16 0.581732 0.397205 0.665689 0.397205 0.665689 0.434568 0.581732 0.434568
