4 0.581057 0.378398 0.665005 0.378398 0.665005 0.415740 0.581057 0.415740
2 0.709112 0.354037 0.789603 0.338128 0.805498 0.373932 0.725007 0.389841
3 0.200232 0.347518 0.282079 0.359969 0.269640 0.396376 0.187793 0.383926
10 0.601724 0.833819 0.685671 0.833819 0.685671 0.871160 0.601724 0.871160
11 0.307764 0.833641 0.391712 0.833641 0.391712 0.870982 0.307764 0.870982
14 0.602275 0.871851 0.686222 0.871851 0.686222 0.909193 0.602275 0.909193
15 0.304765 0.868685 0.388628 0.871190 0.386124 0.908495 0.302261 0.905989
1 0.375098 0.407518 0.629484 0.407518 0.629484 0.520675 0.375098 0.520675
5 0.326189 0.376466 0.410136 0.376466 0.410136 0.413807 0.326189 0.413807
6 0.560936 0.323789 0.585213 0.270169 0.638787 0.280968 0.614510 0.334587
16 0.581467 0.409181 0.665415 0.409181 0.665415 0.446523 0.581467 0.446523
