4 0.580752 0.378040 0.664815 0.378040 0.664815 0.415404 0.580752 0.415404
2 0.708983 0.353665 0.789585 0.337747 0.805502 0.373572 0.724900 0.389490
3 0.199403 0.347142 0.281363 0.359600 0.268906 0.396029 0.186946 0.383571
10 0.601447 0.833723 0.685510 0.833723 0.685510 0.871086 0.601447 0.871086
11 0.307083 0.833546 0.391146 0.833546 0.391146 0.870908 0.307083 0.870908
14 0.601999 0.871777 0.686062 0.871777 0.686062 0.909141 0.601999 0.909141
15 0.304079 0.868609 0.388058 0.871116 0.385551 0.908442 0.301573 0.905935
1 0.385388 0.405365 0.640124 0.405365 0.640124 0.518586 0.385388 0.518586
5 0.325533 0.376107 0.409596 0.376107 0.409596 0.413470 0.325533 0.413470
6 0.560604 0.323399 0.584913 0.269749 0.638561 0.280554 0.614251 0.334204
16 0.581163 0.408840 0.665226 0.408840 0.665226 0.446204 0.581163 0.446204
