4 0.637612 0.397923 0.721835 0.397923 0.721835 0.435373 0.637612 0.435373
5 0.376097 0.397923 0.460319 0.397923 0.460319 0.435373 0.376097 0.435373
2 0.794522 0.417304 0.878745 0.417304 0.878745 0.454753 0.794522 0.454753
12 0.797428 0.458003 0.881650 0.458003 0.881650 0.495452 0.797428 0.495452
3 0.223415 0.384763 0.297200 0.411849 0.270126 0.444657 0.196341 0.417571
13 0.194271 0.418835 0.270641 0.442520 0.246967 0.476478 0.170597 0.452793
14 0.673216 0.862756 0.752887 0.844540 0.771095 0.879967 0.691424 0.898183
15 0.363760 0.850298 0.447977 0.850966 0.447310 0.888412 0.363093 0.887744
1 0.424624 0.399633 0.679844 0.399633 0.679844 0.513116 0.424624 0.513116
10 0.647426 0.825199 0.726983 0.806761 0.745412 0.842136 0.665855 0.860573
11 0.376640 0.799907 0.457872 0.814742 0.443044 0.850862 0.361812 0.836027
16 0.635196 0.424971 0.719418 0.424971 0.719418 0.462419 0.635196 0.462419
