4 0.615776 0.401030 0.708646 0.401030 0.708646 0.442294 0.615776 0.442294
5 0.269733 0.398894 0.362604 0.398894 0.362604 0.440159 0.269733 0.440159
2 0.820609 0.388802 0.910027 0.372081 0.926752 0.411812 0.837334 0.428533
12 0.839796 0.429453 0.929159 0.412603 0.946014 0.452310 0.856650 0.469160
3 0.062332 0.367590 0.151517 0.384854 0.134249 0.424481 0.045064 0.407218
13 0.046154 0.403983 0.135435 0.421026 0.118387 0.460696 0.029106 0.443654
8 0.865694 0.744846 0.958565 0.744846 0.958565 0.786110 0.865694 0.786110
9 0.042243 0.725626 0.135114 0.725626 0.135114 0.766890 0.042243 0.766890
10 0.686265 0.879382 0.779135 0.879382 0.779135 0.920647 0.686265 0.920647
11 0.228080 0.881518 0.320950 0.881518 0.320950 0.922782 0.228080 0.922782
1 0.348876 0.410650 0.630302 0.410650 0.630302 0.535696 0.348876 0.535696
16 0.614698 0.435197 0.707569 0.435197 0.707569 0.476463 0.614698 0.476463
