4 0.640152 0.445777 0.727377 0.445777 0.727377 0.484528 0.640152 0.484528
5 0.254960 0.447782 0.342185 0.447782 0.342185 0.486534 0.254960 0.486534
2 0.817485 0.418250 0.901467 0.402547 0.917176 0.439859 0.833194 0.455561
12 0.835507 0.462442 0.919437 0.446619 0.935267 0.483907 0.851336 0.499730
3 0.090261 0.404347 0.174024 0.420560 0.157806 0.457773 0.074043 0.441562
13 0.078075 0.440529 0.161928 0.456534 0.145917 0.493788 0.062064 0.477783
8 0.865849 0.748598 0.953074 0.748598 0.953074 0.787349 0.865849 0.787349
9 0.032272 0.740576 0.119497 0.740576 0.119497 0.779327 0.032272 0.779327
10 0.712375 0.868924 0.799600 0.868924 0.799600 0.907676 0.712375 0.907676
11 0.206811 0.880956 0.294036 0.880956 0.294036 0.919707 0.206811 0.919707
1 0.361831 0.440024 0.626148 0.440024 0.626148 0.557454 0.361831 0.557454
16 0.640738 0.484430 0.727962 0.484430 0.727962 0.523182 0.640738 0.523182
