4 0.602935 0.402012 0.687381 0.402012 0.687381 0.439570 0.602935 0.439570
5 0.302850 0.396181 0.387296 0.396181 0.387296 0.433739 0.302850 0.433739
9 0.203793 0.835447 0.288239 0.835447 0.288239 0.873005 0.203793 0.873005
8 0.725358 0.805558 0.809394 0.811096 0.803861 0.848471 0.719824 0.842934
11 0.328932 0.832211 0.413378 0.832211 0.413378 0.869769 0.328932 0.869769
10 0.585026 0.838256 0.669472 0.838256 0.669472 0.875813 0.585026 0.875813
1 0.360064 0.411380 0.615962 0.411380 0.615962 0.525191 0.360064 0.525191
14 0.583516 0.878560 0.667963 0.878560 0.667963 0.916118 0.583516 0.916118
15 0.329060 0.875142 0.413506 0.875142 0.413506 0.912700 0.329060 0.912700
16 0.601981 0.435002 0.686427 0.435002 0.686427 0.472560 0.601981 0.472560
