4 0.602922 0.402358 0.687366 0.402358 0.687366 0.439894 0.602922 0.439894
5 0.302846 0.396530 0.387290 0.396530 0.387290 0.434067 0.302846 0.434067
9 0.203792 0.835543 0.288236 0.835543 0.288236 0.873078 0.203792 0.873078
8 0.725341 0.805671 0.809375 0.811205 0.803842 0.848559 0.719808 0.843025
11 0.328927 0.832308 0.413371 0.832308 0.413371 0.869844 0.328927 0.869844
10 0.585014 0.838350 0.669458 0.838350 0.669458 0.875885 0.585014 0.875885
1 0.360059 0.411720 0.615949 0.411720 0.615949 0.525466 0.360059 0.525466
14 0.583504 0.878631 0.667948 0.878631 0.667948 0.916166 0.583504 0.916166
15 0.329055 0.875214 0.413499 0.875214 0.413499 0.912751 0.329055 0.912751
16 0.601968 0.435329 0.686412 0.435329 0.686412 0.472866 0.601968 0.472866
