4 0.602076 0.402358 0.686517 0.402358 0.686517 0.439894 0.602076 0.439894
5 0.302009 0.396530 0.386450 0.396530 0.386450 0.434067 0.302009 0.434067
9 0.202958 0.835543 0.287399 0.835543 0.287399 0.873078 0.202958 0.873078
8 0.724491 0.805671 0.808523 0.811205 0.802990 0.848559 0.718958 0.843025
11 0.328089 0.832308 0.412530 0.832308 0.412530 0.869844 0.328089 0.869844
10 0.584168 0.838350 0.668609 0.838350 0.668609 0.875885 0.584168 0.875885
1 0.359220 0.411720 0.615102 0.411720 0.615102 0.525466 0.359220 0.525466
14 0.582658 0.878631 0.667100 0.878631 0.667100 0.916166 0.582658 0.916166
15 0.328217 0.875214 0.412658 0.875214 0.412658 0.912751 0.328217 0.912751
16 0.601122 0.435329 0.685563 0.435329 0.685563 0.472866 0.601122 0.472866
