4 0.604237 0.402012 0.688650 0.402012 0.688650 0.439570 0.604237 0.439570
5 0.327566 0.402012 0.411979 0.402012 0.411979 0.439571 0.327566 0.439571
2 0.707740 0.415480 0.789474 0.401398 0.803541 0.437764 0.721807 0.451846
12 0.720290 0.455270 0.801617 0.440177 0.816695 0.476362 0.735366 0.491456
9 0.234975 0.809177 0.317253 0.796584 0.329831 0.833191 0.247554 0.845784
11 0.360831 0.827408 0.445244 0.827408 0.445244 0.864966 0.360831 0.864966
1 0.398594 0.406760 0.654393 0.406760 0.654393 0.520572 0.398594 0.520572
10 0.626065 0.830493 0.710478 0.830493 0.710478 0.868051 0.626065 0.868051
14 0.619142 0.868129 0.703395 0.871600 0.699928 0.909087 0.615674 0.905615
15 0.358640 0.869668 0.443054 0.869668 0.443054 0.907227 0.358640 0.907227
16 0.610576 0.437927 0.694990 0.437927 0.694990 0.475485 0.610576 0.475485
