4 0.586607 0.377755 0.670113 0.377755 0.670113 0.414905 0.586607 0.414905
5 0.310030 0.381600 0.393536 0.381600 0.393536 0.418750 0.310030 0.418750
3 0.199838 0.406593 0.283344 0.406593 0.283344 0.443743 0.199838 0.443743
13 0.202719 0.444885 0.286225 0.444885 0.286225 0.482034 0.202719 0.482034
9 0.160218 0.814166 0.243724 0.814166 0.243724 0.851316 0.160218 0.851316
8 0.715035 0.726267 0.782199 0.759379 0.749118 0.789259 0.681954 0.756146
15 0.288742 0.876479 0.372232 0.877552 0.371161 0.914693 0.287671 0.913622
11 0.288199 0.833130 0.371705 0.833130 0.371705 0.870279 0.288199 0.870279
1 0.357785 0.395191 0.610834 0.395191 0.610834 0.507765 0.357785 0.507765
16 0.587729 0.410778 0.671235 0.410778 0.671235 0.447928 0.587729 0.447928
