4 0.586605 0.377755 0.670108 0.377755 0.670108 0.414905 0.586605 0.414905
5 0.310035 0.381600 0.393539 0.381600 0.393539 0.418750 0.310035 0.418750
3 0.199847 0.406593 0.283351 0.406593 0.283351 0.443743 0.199847 0.443743
13 0.202728 0.444885 0.286231 0.444885 0.286231 0.482034 0.202728 0.482034
9 0.160228 0.814166 0.243732 0.814166 0.243732 0.851316 0.160228 0.851316
8 0.715029 0.726267 0.782190 0.759379 0.749111 0.789259 0.681949 0.756146
15 0.288749 0.876479 0.372236 0.877552 0.371165 0.914693 0.287678 0.913622
11 0.288205 0.833130 0.371709 0.833130 0.371709 0.870279 0.288205 0.870279
1 0.357789 0.387980 0.610831 0.387980 0.610831 0.500554 0.357789 0.500554
16 0.587726 0.410778 0.671230 0.410778 0.671230 0.447928 0.587726 0.447928
