4 0.585767 0.377755 0.669272 0.377755 0.669272 0.414905 0.585767 0.414905
5 0.309194 0.381600 0.392699 0.381600 0.392699 0.418750 0.309194 0.418750
2 0.759378 0.395058 0.842882 0.395058 0.842882 0.432208 0.759378 0.432208
12 0.759628 0.433174 0.843132 0.433174 0.843132 0.470323 0.759628 0.470323
3 0.201596 0.408348 0.285101 0.408348 0.285101 0.445498 0.201596 0.445498
13 0.199216 0.443121 0.282721 0.443121 0.282721 0.480270 0.199216 0.480270
9 0.159384 0.814166 0.242889 0.814166 0.242889 0.851316 0.159384 0.851316
8 0.714194 0.726267 0.781356 0.759379 0.748276 0.789259 0.681113 0.756146
15 0.269404 0.827091 0.352893 0.828164 0.351822 0.865306 0.268334 0.864234
11 0.268861 0.766104 0.352366 0.766104 0.352366 0.803253 0.268861 0.803253
1 0.359650 0.387980 0.612695 0.387980 0.612695 0.500554 0.359650 0.500554
16 0.589056 0.412224 0.672561 0.412224 0.672561 0.449374 0.589056 0.449374
