4 0.567975 0.372986 0.652699 0.372986 0.652699 0.410654 0.567975 0.410654
5 0.342903 0.372986 0.427627 0.372986 0.427627 0.410654 0.342903 0.410654
2 0.731665 0.406124 0.816388 0.406124 0.816388 0.443792 0.731665 0.443792
12 0.730246 0.446392 0.814969 0.446392 0.814969 0.484058 0.730246 0.484058
9 0.182711 0.793086 0.265256 0.780358 0.277980 0.817056 0.195433 0.829784
11 0.295894 0.782582 0.380615 0.782097 0.381099 0.819763 0.296379 0.820247
10 0.635205 0.786237 0.719929 0.786237 0.719929 0.823904 0.635205 0.823904
14 0.620590 0.852513 0.705314 0.852513 0.705314 0.890180 0.620590 0.890180
1 0.370894 0.377627 0.627632 0.377627 0.627632 0.491769 0.370894 0.491769
15 0.310578 0.860109 0.395301 0.860109 0.395301 0.897776 0.310578 0.897776
16 0.566889 0.406970 0.651613 0.406970 0.651613 0.444637 0.566889 0.444637
