4 0.561281 0.371527 0.646197 0.371527 0.646197 0.409282 0.561281 0.409282
5 0.335695 0.371527 0.420612 0.371527 0.420612 0.409282 0.335695 0.409282
2 0.713206 0.403124 0.798123 0.403124 0.798123 0.440879 0.713206 0.440879
12 0.714211 0.446722 0.799128 0.446722 0.799128 0.484476 0.714211 0.484476
11 0.288579 0.782076 0.373493 0.781590 0.373978 0.819344 0.289065 0.819829
10 0.628663 0.785739 0.713580 0.785739 0.713580 0.823494 0.628663 0.823494
14 0.614015 0.852169 0.698932 0.852169 0.698932 0.889924 0.614015 0.889924
1 0.363750 0.376178 0.621073 0.376178 0.621073 0.490586 0.363750 0.490586
15 0.303296 0.859784 0.388213 0.859784 0.388213 0.897538 0.303296 0.897538
16 0.562395 0.407060 0.647312 0.407060 0.647312 0.444814 0.562395 0.444814
