4 0.567975 0.372986 0.652699 0.372986 0.652699 0.410654 0.567975 0.410654
5 0.342903 0.372986 0.427627 0.372986 0.427627 0.410654 0.342903 0.410654
2 0.731665 0.406124 0.816388 0.406124 0.816388 0.443792 0.731665 0.443792
9 0.182711 0.793086 0.265256 0.780358 0.277980 0.817056 0.195433 0.829784
11 0.295894 0.782582 0.380615 0.782097 0.381099 0.819763 0.296379 0.820247
10 0.635205 0.786237 0.719929 0.786237 0.719929 0.823904 0.635205 0.823904
14 0.620590 0.852513 0.705314 0.852513 0.705314 0.890180 0.620590 0.890180
1 0.362671 0.377627 0.619409 0.377627 0.619409 0.491769 0.362671 0.491769
15 0.305733 0.856880 0.390457 0.856880 0.390457 0.894546 0.305733 0.894546
16 0.566889 0.408437 0.651613 0.408437 0.651613 0.446103 0.566889 0.446103
