4 0.561281 0.371527 0.646197 0.371527 0.646197 0.409282 0.561281 0.409282
5 0.335695 0.371527 0.420612 0.371527 0.420612 0.409282 0.335695 0.409282
2 0.715634 0.404743 0.800550 0.404743 0.800550 0.442497 0.715634 0.442497
12 0.714211 0.443485 0.799128 0.443485 0.799128 0.481239 0.714211 0.481239
9 0.194053 0.791028 0.276787 0.778270 0.289540 0.815054 0.206805 0.827812
11 0.302765 0.782076 0.387679 0.781590 0.388164 0.819344 0.303251 0.819829
10 0.628663 0.785739 0.713580 0.785739 0.713580 0.823494 0.628663 0.823494
14 0.623473 0.842709 0.708389 0.842709 0.708389 0.880464 0.623473 0.880464
1 0.366497 0.370682 0.623821 0.370682 0.623821 0.485090 0.366497 0.485090
15 0.300805 0.837624 0.385722 0.837624 0.385722 0.875378 0.300805 0.875378
16 0.560192 0.404121 0.645108 0.404121 0.645108 0.441874 0.560192 0.441874
