4 0.597438 0.369574 0.682301 0.369574 0.682301 0.407328 0.597438 0.407328
5 0.339789 0.375435 0.424652 0.375435 0.424652 0.413190 0.339789 0.413190
2 0.733662 0.351527 0.817142 0.341344 0.827315 0.378483 0.743836 0.388666
3 0.188462 0.371527 0.273325 0.371527 0.273325 0.409282 0.188462 0.409282
13 0.189655 0.411400 0.274518 0.411400 0.274518 0.449155 0.189655 0.449155
12 0.744643 0.393080 0.827485 0.380794 0.839758 0.417650 0.756916 0.429935
11 0.254883 0.754479 0.339746 0.754479 0.339746 0.792232 0.254883 0.792232
10 0.617933 0.746663 0.702796 0.746663 0.702796 0.784417 0.617933 0.784417
14 0.621363 0.828138 0.705108 0.818976 0.714261 0.856234 0.630516 0.865396
15 0.254883 0.828724 0.339746 0.828724 0.339746 0.866479 0.254883 0.866479
1 0.379537 0.370925 0.636697 0.370925 0.636697 0.485333 0.379537 0.485333
16 0.596427 0.398241 0.681290 0.398241 0.681290 0.435996 0.596427 0.435996
