4 0.540729 0.375682 0.625129 0.375682 0.625129 0.413219 0.540729 0.413219
5 0.296316 0.377244 0.380716 0.377244 0.380716 0.414779 0.296316 0.414779
2 0.727767 0.359258 0.809755 0.345893 0.823112 0.382356 0.741124 0.395722
12 0.739685 0.398911 0.821217 0.384356 0.835762 0.420616 0.754231 0.435171
3 0.158194 0.380990 0.242594 0.380990 0.242594 0.418527 0.158194 0.418527
13 0.163794 0.419691 0.248194 0.419691 0.248194 0.457227 0.163794 0.457227
1 0.332336 0.385545 0.588094 0.385545 0.588094 0.499291 0.332336 0.499291
10 0.604010 0.858114 0.688410 0.858114 0.688410 0.895650 0.604010 0.895650
11 0.275106 0.859870 0.359506 0.859870 0.359506 0.897406 0.275106 0.897406
14 0.605707 0.908401 0.689631 0.902426 0.695603 0.939749 0.611680 0.945726
15 0.275277 0.910136 0.359677 0.910136 0.359677 0.947673 0.275277 0.947673
16 0.542481 0.406105 0.626881 0.406105 0.626881 0.443642 0.542481 0.443642
