4 0.610417 0.381657 0.695313 0.381657 0.695313 0.419390 0.610417 0.419390
5 0.364385 0.383610 0.449281 0.383610 0.449281 0.421342 0.364385 0.421342
2 0.739226 0.370020 0.821051 0.354935 0.836136 0.391302 0.754312 0.406387
3 0.198409 0.356645 0.281439 0.368443 0.269640 0.405347 0.186610 0.393549
13 0.199216 0.395186 0.281839 0.408191 0.268833 0.444915 0.186210 0.431908
11 0.301433 0.825186 0.384864 0.825186 0.384864 0.862267 0.301433 0.862267
15 0.303127 0.868658 0.388023 0.868658 0.388023 0.906390 0.303127 0.906390
10 0.616822 0.824278 0.698909 0.809841 0.713346 0.846326 0.631258 0.860763
14 0.631317 0.866985 0.715082 0.857776 0.724290 0.895006 0.640525 0.904215
1 0.396274 0.381426 0.653534 0.381426 0.653534 0.495767 0.396274 0.495767
16 0.607981 0.411812 0.692877 0.411812 0.692877 0.449543 0.607981 0.449543
