4 0.539885 0.379047 0.624282 0.379047 0.624282 0.416584 0.539885 0.416584
5 0.277825 0.390703 0.362223 0.390703 0.362223 0.428239 0.277825 0.428239
2 0.726590 0.361014 0.808575 0.347649 0.821931 0.384112 0.739946 0.397477
12 0.743694 0.406389 0.825223 0.391834 0.839768 0.428093 0.758239 0.442649
3 0.157360 0.380990 0.241758 0.380990 0.241758 0.418527 0.157360 0.418527
13 0.156446 0.423393 0.240844 0.423393 0.240844 0.460929 0.156446 0.460929
1 0.326453 0.396906 0.582204 0.396906 0.582204 0.510652 0.326453 0.510652
10 0.604309 0.854399 0.687909 0.846674 0.695628 0.883855 0.612029 0.891580
11 0.269007 0.853578 0.353404 0.853578 0.353404 0.891114 0.269007 0.891114
14 0.619664 0.900574 0.703585 0.894598 0.709558 0.931922 0.625637 0.937898
15 0.264680 0.895870 0.349078 0.895870 0.349078 0.933406 0.264680 0.933406
16 0.546017 0.406105 0.630415 0.406105 0.630415 0.443642 0.546017 0.443642
