4 0.577755 0.351477 0.662172 0.351477 0.662172 0.389036 0.577755 0.389036
5 0.303988 0.355365 0.388404 0.355365 0.388404 0.392923 0.303988 0.392923
2 0.740551 0.354031 0.816090 0.328883 0.841211 0.362491 0.765672 0.387638
12 0.761563 0.387150 0.839740 0.365894 0.860974 0.400677 0.782796 0.421932
3 0.151603 0.380626 0.233871 0.393257 0.221252 0.429858 0.138986 0.417228
13 0.138696 0.418735 0.221993 0.427880 0.212859 0.464940 0.129562 0.455796
8 0.713136 0.742470 0.793816 0.759044 0.777259 0.794940 0.696579 0.778366
15 0.271318 0.883571 0.354720 0.892286 0.346014 0.929392 0.262613 0.920678
14 0.597989 0.892399 0.681192 0.882880 0.690701 0.919897 0.607498 0.929416
11 0.273267 0.846054 0.357392 0.850732 0.352719 0.888160 0.268594 0.883482
10 0.592587 0.849717 0.676362 0.842782 0.683288 0.880055 0.599514 0.886989
1 0.363369 0.359749 0.619176 0.359749 0.619176 0.473561 0.363369 0.473561
16 0.576698 0.377983 0.661115 0.377983 0.661115 0.415541 0.576698 0.415541
