4 0.578596 0.351477 0.663010 0.351477 0.663010 0.389036 0.578596 0.389036
5 0.304836 0.355365 0.389250 0.355365 0.389250 0.392923 0.304836 0.392923
2 0.741388 0.354031 0.816925 0.328883 0.842046 0.362491 0.766509 0.387638
12 0.762399 0.387150 0.840574 0.365894 0.861808 0.400677 0.783632 0.421932
3 0.152455 0.380626 0.234721 0.393257 0.222102 0.429858 0.139838 0.417228
13 0.139548 0.418735 0.222843 0.427880 0.213709 0.464940 0.130414 0.455796
8 0.713973 0.742470 0.794652 0.759044 0.778095 0.794940 0.697417 0.778366
15 0.272167 0.883571 0.355566 0.892286 0.346861 0.929392 0.263462 0.920678
14 0.598830 0.892399 0.682031 0.882880 0.691539 0.919897 0.608339 0.929416
11 0.274116 0.846054 0.358239 0.850732 0.353566 0.888160 0.269443 0.883482
10 0.593427 0.849717 0.677200 0.842782 0.684126 0.880055 0.600355 0.886989
1 0.353292 0.357926 0.609093 0.357926 0.609093 0.471739 0.353292 0.471739
16 0.577539 0.377983 0.661953 0.377983 0.661953 0.415541 0.577539 0.415541
