4 0.589528 0.346245 0.714332 0.346245 0.714332 0.401699 0.589528 0.401699
5 0.254700 0.359483 0.368105 0.359483 0.368105 0.409871 0.254700 0.409871
8 0.817998 0.907693 0.920863 0.925061 0.903491 0.970767 0.800625 0.953399
9 0.010395 0.931811 0.130530 0.931811 0.130530 0.985190 0.010395 0.985190
2 0.795589 0.410539 0.903362 0.375161 0.938749 0.423049 0.830976 0.458427
12 0.837787 0.458247 0.951537 0.423290 0.986503 0.473833 0.872752 0.508789
3 0.046465 0.387721 0.161473 0.403330 0.145860 0.454432 0.030852 0.438822
13 0.032514 0.438100 0.145995 0.456405 0.127686 0.506827 0.014204 0.488523
11 0.238139 0.880153 0.339853 0.880315 0.339690 0.925510 0.237976 0.925347
10 0.646591 0.870483 0.753644 0.870483 0.753644 0.918051 0.646591 0.918051
1 0.311970 0.360927 0.665814 0.360927 0.665814 0.518150 0.311970 0.518150
16 0.591616 0.388770 0.713324 0.388770 0.713324 0.442848 0.591616 0.442848
