4 0.589528 0.346110 0.714332 0.346110 0.714332 0.401575 0.589528 0.401575
5 0.254700 0.359351 0.368105 0.359351 0.368105 0.409750 0.254700 0.409750
8 0.817998 0.907674 0.920863 0.925046 0.903491 0.970761 0.800625 0.953390
9 0.010395 0.931797 0.130530 0.931797 0.130530 0.985187 0.010395 0.985187
2 0.795589 0.410418 0.903362 0.375033 0.938749 0.422930 0.830976 0.458315
12 0.837787 0.458136 0.951537 0.423171 0.986503 0.473725 0.872752 0.508688
3 0.046465 0.387595 0.161473 0.403207 0.145860 0.454320 0.030852 0.438707
13 0.032514 0.437984 0.145995 0.456293 0.127686 0.506726 0.014204 0.488417
11 0.238139 0.880128 0.339853 0.880291 0.339690 0.925495 0.237976 0.925331
10 0.646591 0.870456 0.753644 0.870456 0.753644 0.918034 0.646591 0.918034
1 0.311970 0.362804 0.665814 0.362804 0.665814 0.520060 0.311970 0.520060
16 0.591616 0.388644 0.713324 0.388644 0.713324 0.442734 0.591616 0.442734
