4 0.566800 0.385962 0.650488 0.385962 0.650488 0.423197 0.566800 0.423197
5 0.309830 0.391744 0.393518 0.391744 0.393518 0.428977 0.309830 0.428977
2 0.718634 0.394754 0.801142 0.385404 0.810482 0.422113 0.727975 0.431463
12 0.732142 0.430677 0.815554 0.426154 0.820074 0.463267 0.736660 0.467790
9 0.157988 0.838736 0.240111 0.827980 0.250855 0.864517 0.168733 0.875273
8 0.756991 0.786389 0.840378 0.791125 0.835647 0.828226 0.752260 0.823489
15 0.273430 0.883871 0.357043 0.886233 0.354684 0.923434 0.271070 0.921072
14 0.628365 0.883559 0.709263 0.869254 0.723552 0.905247 0.642655 0.919552
11 0.282254 0.842144 0.365558 0.847495 0.360212 0.884558 0.276909 0.879207
10 0.606108 0.839411 0.687430 0.826224 0.700604 0.862405 0.619281 0.875593
6 0.535164 0.304510 0.559434 0.251058 0.612829 0.261856 0.588559 0.315309
7 0.331629 0.273615 0.392607 0.311868 0.354394 0.338998 0.293417 0.300744
16 0.564270 0.416674 0.647958 0.416674 0.647958 0.453909 0.564270 0.453909
1 0.356903 0.383438 0.610505 0.383438 0.610505 0.496270 0.356903 0.496270
