4 0.574201 0.383667 0.657878 0.383667 0.657878 0.420880 0.574201 0.420880
5 0.337712 0.387172 0.421390 0.387172 0.421390 0.424386 0.337712 0.424386
2 0.742981 0.420920 0.826412 0.416638 0.830690 0.453742 0.747259 0.458023
12 0.749081 0.463564 0.831758 0.454961 0.840356 0.491729 0.757679 0.500332
3 0.154946 0.417605 0.238554 0.419874 0.236286 0.457057 0.152678 0.454787
13 0.151150 0.460792 0.234827 0.460792 0.234827 0.498006 0.151150 0.498006
9 0.131512 0.814427 0.215100 0.811849 0.217678 0.849022 0.134090 0.851601
8 0.778433 0.800324 0.856561 0.793324 0.863557 0.828068 0.785429 0.835069
11 0.286608 0.868022 0.370286 0.868022 0.370286 0.905236 0.286608 0.905236
10 0.622912 0.868337 0.706589 0.868337 0.706589 0.905551 0.622912 0.905551
14 0.622677 0.906853 0.706354 0.906853 0.706354 0.944066 0.622677 0.944066
15 0.284688 0.909573 0.368366 0.909573 0.368366 0.946785 0.284688 0.946785
1 0.381522 0.393697 0.635089 0.393697 0.635089 0.506464 0.381522 0.506464
6 0.532911 0.292593 0.579060 0.246030 0.625594 0.266553 0.579444 0.313116
7 0.375017 0.235854 0.430876 0.277416 0.389340 0.302258 0.333482 0.260696
16 0.574691 0.412662 0.658368 0.412662 0.658368 0.449875 0.574691 0.449875
