4 0.573360 0.384020 0.657036 0.384020 0.657036 0.421212 0.573360 0.421212
5 0.336876 0.387523 0.420552 0.387523 0.420552 0.424716 0.336876 0.424716
2 0.742138 0.421252 0.825568 0.416972 0.829846 0.454055 0.746416 0.458333
12 0.748238 0.463872 0.830914 0.455273 0.839512 0.492020 0.756836 0.500619
3 0.154112 0.417939 0.237719 0.420207 0.235451 0.457368 0.151844 0.455100
13 0.150316 0.461101 0.233992 0.461101 0.233992 0.498294 0.150316 0.498294
9 0.130679 0.814533 0.214265 0.811957 0.216843 0.849109 0.133256 0.851686
8 0.777589 0.800438 0.855716 0.793443 0.862712 0.828167 0.784586 0.835164
11 0.285772 0.868098 0.369448 0.868098 0.369448 0.905290 0.285772 0.905290
10 0.622071 0.868412 0.705747 0.868412 0.705747 0.905605 0.622071 0.905605
14 0.621835 0.906906 0.705511 0.906906 0.705511 0.944098 0.621835 0.944098
15 0.283852 0.909625 0.367528 0.909625 0.367528 0.946816 0.283852 0.946816
1 0.380684 0.397654 0.634248 0.397654 0.634248 0.510357 0.380684 0.510357
6 0.532071 0.292998 0.578219 0.246462 0.624752 0.266974 0.578604 0.313510
7 0.374180 0.236292 0.430038 0.277830 0.388502 0.302658 0.332645 0.261120
16 0.576022 0.412999 0.659698 0.412999 0.659698 0.450190 0.576022 0.450190
