4 0.571465 0.368875 0.652526 0.368875 0.652526 0.404931 0.571465 0.404931
5 0.329641 0.368875 0.410703 0.368875 0.410703 0.404931 0.329641 0.404931
2 0.693322 0.367693 0.774090 0.363089 0.778691 0.399014 0.697923 0.403618
12 0.699486 0.404992 0.779611 0.396798 0.787800 0.432437 0.707674 0.440631
3 0.188010 0.357291 0.266206 0.371543 0.251965 0.406324 0.173768 0.392072
15 0.297953 0.838748 0.379014 0.838748 0.379014 0.874804 0.297953 0.874804
14 0.614019 0.833653 0.695081 0.833653 0.695081 0.869708 0.614019 0.869708
10 0.611702 0.795725 0.692763 0.795725 0.692763 0.831781 0.611702 0.831781
11 0.300043 0.797424 0.381104 0.797424 0.381104 0.833479 0.300043 0.833479
1 0.364060 0.374217 0.609701 0.374217 0.609701 0.483477 0.364060 0.483477
16 0.574043 0.400057 0.655104 0.400057 0.655104 0.436112 0.574043 0.436112
