4 0.576961 0.364284 0.658634 0.364284 0.658634 0.400602 0.576961 0.400602
5 0.333314 0.364284 0.414987 0.364284 0.414987 0.400602 0.333314 0.400602
2 0.699737 0.363093 0.781114 0.358456 0.785749 0.394642 0.704372 0.399280
12 0.705947 0.400663 0.786677 0.392410 0.794927 0.428308 0.714197 0.436562
3 0.190614 0.352616 0.269400 0.366971 0.255051 0.402005 0.176265 0.387649
15 0.301386 0.837575 0.383059 0.837575 0.383059 0.873893 0.301386 0.873893
14 0.619836 0.832443 0.701509 0.832443 0.701509 0.868760 0.619836 0.868760
10 0.617501 0.794239 0.699174 0.794239 0.699174 0.830557 0.617501 0.830557
11 0.303492 0.795951 0.385165 0.795951 0.385165 0.832268 0.303492 0.832268
1 0.373276 0.373190 0.620770 0.373190 0.620770 0.483244 0.373276 0.483244
16 0.579558 0.395692 0.661231 0.395692 0.661231 0.432010 0.579558 0.432010
