4 0.576959 0.364284 0.658630 0.364284 0.658630 0.400602 0.576959 0.400602
5 0.333318 0.364284 0.414989 0.364284 0.414989 0.400602 0.333318 0.400602
2 0.699732 0.363093 0.781107 0.358456 0.785742 0.394642 0.704367 0.399280
12 0.705942 0.400663 0.786670 0.392410 0.794920 0.428308 0.714191 0.436562
3 0.190622 0.352616 0.269406 0.366971 0.255058 0.402005 0.176274 0.387649
15 0.301391 0.837575 0.383062 0.837575 0.383062 0.873893 0.301391 0.873893
14 0.619833 0.832443 0.701504 0.832443 0.701504 0.868760 0.619833 0.868760
10 0.617498 0.794239 0.699169 0.794239 0.699169 0.830557 0.617498 0.830557
11 0.303497 0.795951 0.385168 0.795951 0.385168 0.832268 0.303497 0.832268
1 0.367995 0.367903 0.615483 0.367903 0.615483 0.477957 0.367995 0.477957
16 0.579556 0.395692 0.661227 0.395692 0.661227 0.432010 0.579556 0.432010
