4 0.571461 0.368875 0.652519 0.368875 0.652519 0.404931 0.571461 0.404931
5 0.329649 0.368875 0.410707 0.368875 0.410707 0.404931 0.329649 0.404931
2 0.693314 0.367693 0.774078 0.363089 0.778678 0.399014 0.697914 0.403618
12 0.699477 0.404992 0.779599 0.396798 0.787787 0.432437 0.707664 0.440631
3 0.188023 0.357291 0.266216 0.371543 0.251976 0.406324 0.173783 0.392072
15 0.297962 0.838748 0.379020 0.838748 0.379020 0.874804 0.297962 0.874804
14 0.614014 0.833653 0.695072 0.833653 0.695072 0.869708 0.614014 0.869708
10 0.611697 0.795725 0.692755 0.795725 0.692755 0.831781 0.611697 0.831781
11 0.300051 0.797424 0.381110 0.797424 0.381110 0.833479 0.300051 0.833479
1 0.374555 0.370719 0.620186 0.370719 0.620186 0.479978 0.374555 0.479978
16 0.574039 0.400057 0.655098 0.400057 0.655098 0.436112 0.574039 0.436112
