4 0.569219 0.376969 0.653324 0.376969 0.653324 0.414353 0.569219 0.414353
5 0.328744 0.378731 0.412850 0.378731 0.412850 0.416116 0.328744 0.416116
2 0.715270 0.398113 0.799376 0.398113 0.799376 0.435497 0.715270 0.435497
12 0.718667 0.436367 0.802759 0.437387 0.801740 0.474766 0.717648 0.473747
3 0.156978 0.413970 0.241083 0.413970 0.241083 0.451354 0.156978 0.451354
13 0.159620 0.454493 0.243726 0.454493 0.243726 0.491879 0.159620 0.491879
8 0.751555 0.824497 0.835661 0.824497 0.835661 0.861882 0.751555 0.861882
15 0.289141 0.887814 0.373247 0.887814 0.373247 0.925199 0.289141 0.925199
14 0.626846 0.881241 0.710952 0.881241 0.710952 0.918626 0.626846 0.918626
10 0.630946 0.838370 0.715052 0.838370 0.715052 0.875755 0.630946 0.875755
11 0.290800 0.842052 0.374906 0.842052 0.374906 0.879436 0.290800 0.879436
1 0.362440 0.387286 0.617306 0.387286 0.617306 0.500574 0.362440 0.500574
16 0.570333 0.413198 0.654439 0.413198 0.654439 0.450582 0.570333 0.450582
