4 0.569562 0.377328 0.653569 0.377328 0.653569 0.414691 0.569562 0.414691
5 0.329369 0.379088 0.413376 0.379088 0.413376 0.416452 0.329369 0.416452
2 0.715442 0.398459 0.799450 0.398459 0.799450 0.435822 0.715442 0.435822
12 0.718835 0.436692 0.802828 0.437711 0.801811 0.475068 0.717817 0.474050
3 0.157804 0.414307 0.241811 0.414307 0.241811 0.451670 0.157804 0.451670
13 0.160443 0.454807 0.244450 0.454807 0.244450 0.492171 0.160443 0.492171
8 0.751685 0.824598 0.835692 0.824598 0.835692 0.861961 0.751685 0.861961
15 0.289812 0.887879 0.373820 0.887879 0.373820 0.925242 0.289812 0.925242
14 0.627122 0.881309 0.711129 0.881309 0.711129 0.918672 0.627122 0.918672
10 0.631217 0.838463 0.715224 0.838463 0.715224 0.875826 0.631217 0.875826
11 0.291469 0.842143 0.375476 0.842143 0.375476 0.879506 0.291469 0.879506
1 0.357586 0.389452 0.612154 0.389452 0.612154 0.502675 0.357586 0.502675
16 0.570675 0.413535 0.654682 0.413535 0.654682 0.450898 0.570675 0.450898
