4 0.624150 0.254352 0.714163 0.254352 0.714163 0.294342 0.624150 0.294342
5 0.276332 0.250583 0.366345 0.250583 0.366345 0.290573 0.276332 0.290573
2 0.837604 0.296760 0.923118 0.278023 0.941842 0.316015 0.856327 0.334751
12 0.857039 0.342892 0.941800 0.322691 0.961987 0.360347 0.877226 0.380550
3 0.075260 0.270796 0.161154 0.288741 0.143221 0.326902 0.057327 0.308956
13 0.057079 0.309167 0.143729 0.325421 0.127486 0.363918 0.040836 0.347663
8 0.742024 0.910493 0.826459 0.931294 0.805673 0.968804 0.721238 0.948004
9 0.109811 0.932036 0.197827 0.919467 0.210400 0.958570 0.122385 0.971138
10 0.632672 0.821649 0.722686 0.821649 0.722686 0.861639 0.632672 0.861639
11 0.255193 0.823991 0.345102 0.826893 0.342201 0.866836 0.252293 0.863933
1 0.357445 0.253851 0.630214 0.253851 0.630214 0.375034 0.357445 0.375034
7 0.396101 0.083973 0.468415 0.119714 0.432681 0.151859 0.360367 0.116118
6 0.548883 0.165662 0.579662 0.109261 0.636053 0.122943 0.605274 0.179344
16 0.625589 0.292155 0.715603 0.292155 0.715603 0.332167 0.625589 0.332167
