4 0.545407 0.388936 0.630035 0.388936 0.630035 0.426581 0.545407 0.426581
5 0.291392 0.386988 0.376020 0.386988 0.376020 0.424633 0.291392 0.424633
2 0.697231 0.424003 0.781859 0.424003 0.781859 0.461648 0.697231 0.461648
12 0.697231 0.457121 0.781859 0.457121 0.781859 0.494767 0.697231 0.494767
10 0.635585 0.849647 0.720213 0.849647 0.720213 0.887292 0.635585 0.887292
14 0.640423 0.890670 0.725051 0.890670 0.725051 0.928315 0.640423 0.928315
9 0.145862 0.793412 0.228189 0.780333 0.241257 0.816955 0.158931 0.830034
1 0.331757 0.390776 0.588205 0.390776 0.588205 0.504852 0.331757 0.504852
11 0.287041 0.843241 0.369796 0.855054 0.357994 0.891866 0.275238 0.880053
15 0.270641 0.883271 0.354220 0.892136 0.345364 0.929314 0.261785 0.920451
16 0.549149 0.416246 0.633777 0.416246 0.633777 0.453890 0.549149 0.453890
