4 0.584109 0.386110 0.668030 0.386110 0.668030 0.423388 0.584109 0.423388
5 0.323217 0.386110 0.407137 0.386110 0.407137 0.423388 0.323217 0.423388
11 0.280677 0.795992 0.364597 0.795992 0.364597 0.833270 0.280677 0.833270
10 0.623514 0.794319 0.707435 0.794319 0.707435 0.831597 0.623514 0.831597
14 0.628909 0.854936 0.712830 0.854936 0.712830 0.892214 0.628909 0.892214
1 0.366676 0.388016 0.620980 0.388016 0.620980 0.500979 0.366676 0.500979
6 0.598274 0.257123 0.643535 0.266582 0.622242 0.311818 0.576980 0.302359
7 0.389270 0.249686 0.413444 0.305962 0.362166 0.315742 0.337991 0.259466
15 0.277917 0.851258 0.361838 0.851258 0.361838 0.888536 0.277917 0.888536
16 0.587135 0.415191 0.671056 0.415191 0.671056 0.452469 0.587135 0.452469
