4 0.584109 0.385410 0.668030 0.385410 0.668030 0.422731 0.584109 0.422731
5 0.323217 0.385410 0.407137 0.385410 0.407137 0.422731 0.323217 0.422731
11 0.280677 0.795759 0.364597 0.795759 0.364597 0.833080 0.280677 0.833080
10 0.623514 0.794085 0.707435 0.794085 0.707435 0.831405 0.623514 0.831405
14 0.628909 0.854770 0.712830 0.854770 0.712830 0.892091 0.628909 0.892091
1 0.366676 0.390940 0.620980 0.390940 0.620980 0.504032 0.366676 0.504032
6 0.598274 0.256275 0.643535 0.265745 0.622242 0.311033 0.576980 0.301563
7 0.389270 0.248830 0.413444 0.305171 0.362166 0.314961 0.337991 0.258621
15 0.277917 0.851088 0.361838 0.851088 0.361838 0.888409 0.277917 0.888409
16 0.587135 0.414524 0.671056 0.414524 0.671056 0.451845 0.587135 0.451845
