4 0.561580 0.373377 0.645968 0.373377 0.645968 0.410892 0.561580 0.410892
5 0.338985 0.371610 0.423373 0.371610 0.423373 0.409125 0.338985 0.409125
2 0.733635 0.350076 0.802439 0.339657 0.812856 0.370244 0.744051 0.380664
3 0.204034 0.366472 0.285368 0.381473 0.270370 0.417630 0.189036 0.402629
11 0.285861 0.805222 0.370248 0.805222 0.370248 0.842737 0.285861 0.842737
10 0.571290 0.808254 0.655678 0.808254 0.655678 0.845769 0.571290 0.845769
14 0.575836 0.852507 0.660224 0.852507 0.660224 0.890022 0.575836 0.890022
1 0.367587 0.373582 0.623307 0.373582 0.623307 0.487262 0.367587 0.487262
6 0.595470 0.249739 0.638293 0.263750 0.606777 0.306583 0.563955 0.292572
15 0.285861 0.855454 0.370248 0.855454 0.370248 0.892969 0.285861 0.892969
16 0.568101 0.401291 0.652489 0.401291 0.652489 0.438805 0.568101 0.438805
