4 0.595340 0.395979 0.679488 0.395979 0.679488 0.433407 0.595340 0.433407
5 0.331098 0.394216 0.415246 0.394216 0.415246 0.431644 0.331098 0.431644
2 0.756462 0.383477 0.825070 0.373081 0.835458 0.403598 0.766848 0.413993
11 0.299154 0.741030 0.382049 0.750683 0.372403 0.787554 0.289509 0.777901
10 0.576619 0.757997 0.658568 0.745248 0.671307 0.781699 0.589357 0.794447
14 0.591714 0.798176 0.672937 0.783502 0.687600 0.819628 0.606378 0.834303
6 0.643352 0.267183 0.689710 0.274281 0.673755 0.320675 0.627396 0.313578
15 0.283622 0.785418 0.366380 0.795578 0.356228 0.832388 0.273469 0.822227
7 0.398697 0.245830 0.431122 0.297637 0.379355 0.312059 0.346930 0.260252
1 0.369710 0.391214 0.624703 0.391214 0.624703 0.504632 0.369710 0.504632
16 0.595422 0.423000 0.679570 0.423000 0.679570 0.460429 0.595422 0.460429
