4 0.595340 0.396668 0.679488 0.396668 0.679488 0.434054 0.595340 0.434054
5 0.331098 0.394907 0.415246 0.394907 0.415246 0.432293 0.331098 0.432293
2 0.756462 0.384180 0.825070 0.373796 0.835458 0.404278 0.766848 0.414662
11 0.299154 0.741325 0.382049 0.750968 0.372403 0.787796 0.289509 0.778154
10 0.576619 0.758273 0.658568 0.745538 0.671307 0.781948 0.589357 0.794682
14 0.591714 0.798406 0.672937 0.783749 0.687600 0.819834 0.606378 0.834492
6 0.643352 0.268019 0.689710 0.275109 0.673755 0.321450 0.627396 0.314361
15 0.283622 0.785662 0.366380 0.795812 0.356228 0.832579 0.273469 0.822430
7 0.398697 0.246690 0.431122 0.298438 0.379355 0.312844 0.346930 0.261096
1 0.383321 0.395537 0.638315 0.395537 0.638315 0.508826 0.383321 0.508826
16 0.595422 0.423659 0.679570 0.423659 0.679570 0.461044 0.595422 0.461044
