4 0.561580 0.373377 0.645968 0.373377 0.645968 0.410892 0.561580 0.410892
5 0.338985 0.371610 0.423373 0.371610 0.423373 0.409125 0.338985 0.409125
2 0.722920 0.346710 0.791724 0.336291 0.802141 0.366878 0.733336 0.377298
3 0.202745 0.359328 0.284078 0.374329 0.269080 0.410486 0.187746 0.395485
13 0.194238 0.400218 0.277148 0.410703 0.266665 0.447560 0.183756 0.437075
11 0.296987 0.808069 0.381374 0.808069 0.381374 0.845583 0.296987 0.845583
10 0.590249 0.808282 0.674637 0.808282 0.674637 0.845797 0.590249 0.845797
14 0.593300 0.849515 0.677687 0.849515 0.677687 0.887030 0.593300 0.887030
1 0.364857 0.375403 0.620577 0.375403 0.620577 0.489083 0.364857 0.489083
6 0.595470 0.249739 0.638293 0.263750 0.606777 0.306583 0.563955 0.292572
15 0.296987 0.855245 0.381374 0.855245 0.381374 0.892759 0.296987 0.892759
16 0.563009 0.406385 0.647397 0.406385 0.647397 0.443899 0.563009 0.443899
