4 0.613514 0.363879 0.697737 0.363879 0.697737 0.401328 0.613514 0.401328
5 0.335812 0.358587 0.420035 0.358587 0.420035 0.396037 0.335812 0.396037
3 0.189722 0.356368 0.273002 0.364754 0.264620 0.401784 0.181341 0.393398
13 0.183097 0.397780 0.265843 0.408249 0.255378 0.445043 0.172631 0.434572
11 0.323467 0.803860 0.407690 0.803860 0.407690 0.841309 0.323467 0.841309
14 0.599925 0.881174 0.684146 0.881562 0.683758 0.919010 0.599537 0.918623
15 0.307119 0.876449 0.391342 0.876449 0.391342 0.913899 0.307119 0.913899
1 0.395936 0.374187 0.651157 0.374187 0.651157 0.487670 0.395936 0.487670
6 0.602283 0.322243 0.616861 0.277723 0.661362 0.284204 0.646785 0.328725
16 0.622362 0.433057 0.706011 0.439603 0.699467 0.476798 0.615818 0.470251
9 0.166546 0.790764 0.250769 0.790764 0.250769 0.828214 0.166546 0.828214
8 0.743515 0.803685 0.826381 0.813726 0.816345 0.850572 0.733478 0.840532
14 0.595527 0.803175 0.679750 0.803175 0.679750 0.840624 0.595527 0.840624
