4 0.563440 0.377239 0.648033 0.377239 0.648033 0.414841 0.563440 0.414841
5 0.334595 0.387807 0.418589 0.381107 0.425289 0.418442 0.341295 0.425143
2 0.681850 0.402980 0.765468 0.394440 0.774008 0.431607 0.690391 0.440148
12 0.685643 0.446134 0.768020 0.433310 0.780842 0.469928 0.698464 0.482749
11 0.346457 0.793096 0.430608 0.798847 0.424857 0.836251 0.340705 0.830499
10 0.592875 0.795270 0.677447 0.796483 0.676234 0.834076 0.591661 0.832863
14 0.619419 0.858796 0.704009 0.859186 0.703620 0.896785 0.619029 0.896397
15 0.327020 0.857219 0.411613 0.857219 0.411613 0.894820 0.327020 0.894820
1 0.376542 0.386032 0.632884 0.386032 0.632884 0.499975 0.376542 0.499975
9 0.194987 0.820315 0.278089 0.809771 0.288632 0.846709 0.205530 0.857253
8 0.733500 0.804034 0.818092 0.804137 0.817989 0.841738 0.733396 0.841635
7 0.378702 0.265032 0.415896 0.315690 0.365244 0.332222 0.328050 0.281564
16 0.563439 0.460483 0.648032 0.460483 0.648032 0.498084 0.563439 0.498084
