4 0.557516 0.352802 0.642041 0.352802 0.642041 0.390383 0.557516 0.390383
5 0.328852 0.373985 0.412779 0.367290 0.419474 0.404604 0.335546 0.411301
3 0.232612 0.420321 0.317011 0.423414 0.313919 0.460938 0.229521 0.457845
13 0.234249 0.467284 0.318756 0.468450 0.317589 0.506024 0.233081 0.504856
11 0.322127 0.766186 0.399729 0.786061 0.379884 0.820562 0.302282 0.800687
10 0.605905 0.752258 0.690411 0.753470 0.689199 0.791043 0.604692 0.789830
15 0.286942 0.835829 0.371468 0.835962 0.371336 0.873542 0.286810 0.873410
1 0.365061 0.388304 0.621200 0.388304 0.621200 0.502184 0.365061 0.502184
8 0.692427 0.778841 0.775948 0.787509 0.767293 0.824643 0.683772 0.815976
16 0.549556 0.444852 0.634082 0.444852 0.634082 0.482431 0.549556 0.482431
6 0.550802 0.307854 0.586325 0.256675 0.637458 0.272477 0.601934 0.323657
14 0.580146 0.845155 0.653879 0.817578 0.681431 0.850379 0.607697 0.877955
