4 0.615248 0.387685 0.714945 0.387685 0.714945 0.431993 0.615248 0.431993
5 0.295554 0.388047 0.395246 0.387325 0.395970 0.431629 0.296278 0.432353
2 0.818763 0.382927 0.909128 0.354850 0.937208 0.395010 0.846843 0.423087
12 0.843592 0.429298 0.932180 0.405272 0.956209 0.444644 0.867620 0.468668
3 0.094075 0.352275 0.189935 0.370538 0.171672 0.413140 0.075812 0.394876
13 0.077112 0.405546 0.171823 0.426302 0.151065 0.468395 0.056354 0.447637
11 0.252084 0.901099 0.351782 0.901099 0.351782 0.945406 0.252084 0.945406
10 0.662936 0.896215 0.762609 0.897644 0.761180 0.941943 0.661505 0.940514
1 0.350390 0.390265 0.652504 0.390265 0.652504 0.524531 0.350390 0.524531
9 0.034904 0.880460 0.134440 0.884242 0.130659 0.928478 0.031122 0.924696
8 0.865766 0.873906 0.965463 0.874029 0.965342 0.918336 0.865644 0.918215
7 0.397141 0.243342 0.404826 0.309951 0.338214 0.313367 0.330528 0.246757
16 0.605854 0.502473 0.705552 0.502473 0.705552 0.546780 0.605854 0.546780
6 0.612383 0.307098 0.613782 0.240642 0.680241 0.241264 0.678841 0.307719
