4 0.619487 0.385592 0.705499 0.385592 0.705499 0.423798 0.619487 0.423798
5 0.292810 0.383652 0.378822 0.383935 0.378541 0.422139 0.292529 0.421858
2 0.817052 0.390844 0.896488 0.368867 0.918479 0.404151 0.839042 0.426128
12 0.831242 0.427593 0.921146 0.406649 0.942102 0.446586 0.852197 0.467525
3 0.094230 0.365857 0.176931 0.381606 0.161173 0.418339 0.078473 0.402592
13 0.074194 0.402794 0.155903 0.420691 0.137994 0.456985 0.056284 0.439088
11 0.260258 0.887680 0.346270 0.887680 0.346270 0.925884 0.260258 0.925884
10 0.668730 0.887067 0.754722 0.888300 0.753488 0.926497 0.667496 0.925265
1 0.359310 0.379913 0.619953 0.379913 0.619953 0.495686 0.359310 0.495686
9 0.046265 0.882911 0.132258 0.881658 0.133511 0.919854 0.047518 0.921107
8 0.865326 0.882227 0.951337 0.882333 0.951233 0.920537 0.865221 0.920433
7 0.382924 0.256034 0.398802 0.312357 0.342446 0.319410 0.326568 0.263087
16 0.611383 0.504366 0.697395 0.504366 0.697395 0.542570 0.611383 0.542570
6 0.573681 0.316788 0.586571 0.260128 0.643265 0.265854 0.630375 0.322514
