4 0.620675 0.382891 0.712004 0.382891 0.712004 0.423467 0.620675 0.423467
5 0.296751 0.386565 0.388078 0.386865 0.387780 0.427440 0.296452 0.427141
2 0.821848 0.403758 0.906193 0.380418 0.929544 0.417891 0.845197 0.441231
12 0.839783 0.444698 0.935244 0.422455 0.957494 0.464869 0.862032 0.487108
3 0.068689 0.403980 0.156501 0.420705 0.139770 0.459717 0.051958 0.442993
13 0.047414 0.443208 0.134174 0.462215 0.115158 0.500761 0.028398 0.481753
11 0.244979 0.854968 0.336307 0.854968 0.336307 0.895543 0.244979 0.895543
10 0.678698 0.852406 0.770004 0.853715 0.768695 0.894282 0.677387 0.892973
1 0.358410 0.373268 0.635163 0.373268 0.635163 0.496224 0.358410 0.496224
9 0.037835 0.928263 0.129142 0.926932 0.130473 0.967497 0.039166 0.968828
8 0.861634 0.921803 0.952961 0.921915 0.952851 0.962490 0.861522 0.962379
16 0.622846 0.426854 0.714175 0.426854 0.714175 0.467430 0.622846 0.467430
