4 0.591073 0.354489 0.675769 0.354489 0.675769 0.392178 0.591073 0.392178
5 0.359824 0.354351 0.444518 0.354629 0.444242 0.392317 0.359547 0.392040
2 0.705570 0.364691 0.790255 0.365596 0.789353 0.403280 0.704668 0.402375
12 0.707086 0.401248 0.800827 0.403119 0.798956 0.444836 0.705216 0.442960
3 0.195000 0.371877 0.279688 0.372611 0.278953 0.410296 0.194267 0.409562
11 0.346308 0.765377 0.431003 0.765377 0.431003 0.803065 0.346308 0.803065
10 0.622283 0.769570 0.713090 0.769436 0.713223 0.809847 0.622415 0.809981
1 0.390570 0.342107 0.647223 0.342107 0.647223 0.456315 0.390570 0.456315
9 0.202402 0.742010 0.287078 0.740774 0.288312 0.778453 0.203636 0.779689
15 0.343648 0.815624 0.428343 0.815624 0.428343 0.853313 0.343648 0.853313
14 0.625004 0.815838 0.709699 0.815838 0.709699 0.853527 0.625004 0.853527
16 0.591362 0.388274 0.676057 0.388274 0.676057 0.425963 0.591362 0.425963
