4 0.621248 0.383015 0.712661 0.383015 0.712661 0.423623 0.621248 0.423623
5 0.297025 0.386692 0.388436 0.386992 0.388138 0.427599 0.296725 0.427300
2 0.822607 0.403899 0.907030 0.380540 0.930402 0.418042 0.845977 0.441402
12 0.840558 0.444871 0.936107 0.422611 0.958379 0.465058 0.862828 0.487314
3 0.068752 0.404120 0.156646 0.420859 0.139899 0.459902 0.052006 0.443165
13 0.047458 0.443379 0.134298 0.462402 0.115264 0.500979 0.028424 0.481955
11 0.245205 0.855468 0.336618 0.855468 0.336618 0.896075 0.245205 0.896075
10 0.679325 0.852904 0.770715 0.854214 0.769405 0.894813 0.678013 0.893503
1 0.358741 0.377325 0.635749 0.377325 0.635749 0.500378 0.358741 0.500378
9 0.037870 0.928821 0.129262 0.927490 0.130594 0.968087 0.039202 0.969419
8 0.862430 0.922356 0.953841 0.922468 0.953730 0.963075 0.862318 0.962965
16 0.623421 0.421499 0.714834 0.421499 0.714834 0.462107 0.623421 0.462107
