4 0.591921 0.354489 0.676619 0.354489 0.676619 0.392178 0.591921 0.392178
5 0.360663 0.354351 0.445361 0.354629 0.445085 0.392317 0.360386 0.392040
2 0.706422 0.364691 0.791110 0.365596 0.790208 0.403280 0.705520 0.402375
12 0.707938 0.401248 0.801683 0.403119 0.799811 0.444836 0.706068 0.442960
3 0.195833 0.371877 0.280524 0.372611 0.279789 0.410296 0.195100 0.409562
11 0.347146 0.765377 0.431845 0.765377 0.431845 0.803065 0.347146 0.803065
10 0.623132 0.769570 0.713942 0.769436 0.714076 0.809847 0.623263 0.809981
1 0.405111 0.353080 0.661773 0.353080 0.661773 0.467289 0.405111 0.467289
9 0.203236 0.742010 0.287915 0.740774 0.289149 0.778453 0.204470 0.779689
15 0.344486 0.815624 0.429185 0.815624 0.429185 0.853313 0.344486 0.853313
14 0.625853 0.815838 0.710551 0.815838 0.710551 0.853527 0.625853 0.853527
16 0.592209 0.389980 0.676908 0.389980 0.676908 0.427668 0.592209 0.427668
