4 0.576873 0.384822 0.658269 0.384822 0.658269 0.421039 0.576873 0.421039
5 0.313604 0.388234 0.395000 0.388234 0.395000 0.424451 0.313604 0.424451
2 0.756024 0.416676 0.835515 0.404994 0.847185 0.440363 0.767693 0.452045
12 0.772443 0.450788 0.852803 0.442144 0.861438 0.477899 0.781078 0.486543
3 0.146062 0.417405 0.224443 0.432053 0.209812 0.466928 0.131430 0.452281
9 0.146212 0.834155 0.223682 0.817487 0.240332 0.851956 0.162863 0.868625
14 0.630240 0.894062 0.711637 0.894062 0.711637 0.930278 0.630240 0.930278
15 0.290754 0.897267 0.372150 0.897267 0.372150 0.933484 0.290754 0.933484
10 0.630472 0.853945 0.711869 0.853945 0.711869 0.890162 0.630472 0.890162
11 0.288275 0.862165 0.369672 0.862165 0.369672 0.898382 0.288275 0.898382
1 0.371245 0.397012 0.617901 0.397012 0.617901 0.506760 0.371245 0.506760
