8 0.801517 0.793764 0.878283 0.812429 0.859628 0.846591 0.782863 0.827925
9 0.118298 0.793622 0.199815 0.789908 0.203518 0.826182 0.122002 0.829896
4 0.595064 0.380710 0.676769 0.380710 0.676769 0.417049 0.595064 0.417049
5 0.333216 0.380710 0.414921 0.380710 0.414921 0.417049 0.333216 0.417049
1 0.386487 0.384406 0.634078 0.384406 0.634078 0.494521 0.386487 0.494521
11 0.284362 0.841292 0.366067 0.841292 0.366067 0.877630 0.284362 0.877630
14 0.605022 0.881513 0.686727 0.881513 0.686727 0.917852 0.605022 0.917852
15 0.284285 0.879749 0.365990 0.879749 0.365990 0.916088 0.284285 0.916088
10 0.607821 0.841136 0.689526 0.841136 0.689526 0.877474 0.607821 0.877474
2 0.751164 0.411633 0.832238 0.404872 0.838994 0.440930 0.757920 0.447690
12 0.763191 0.453866 0.843819 0.445042 0.852637 0.480901 0.772011 0.489725
3 0.181420 0.400795 0.259388 0.417092 0.243102 0.451768 0.165134 0.435471
13 0.167204 0.437596 0.245924 0.452195 0.231335 0.487205 0.152616 0.472607
16 0.595043 0.414814 0.676748 0.414814 0.676748 0.451152 0.595043 0.451152
