9 0.143546 0.774882 0.219336 0.753467 0.240731 0.787174 0.164942 0.808588
4 0.580389 0.376516 0.662697 0.376516 0.662697 0.413101 0.580389 0.413101
5 0.316609 0.376516 0.398917 0.376516 0.398917 0.413101 0.316609 0.413101
1 0.361500 0.377049 0.610918 0.377049 0.610918 0.487910 0.361500 0.487910
11 0.279900 0.870581 0.368633 0.875858 0.363362 0.915299 0.274630 0.910022
14 0.577347 0.920576 0.659655 0.920576 0.659655 0.957160 0.577347 0.957160
15 0.278050 0.918955 0.360358 0.918955 0.360358 0.955540 0.278050 0.955540
10 0.572565 0.879821 0.654873 0.879821 0.654873 0.916406 0.572565 0.916406
2 0.749137 0.390763 0.829905 0.380196 0.840467 0.416096 0.759699 0.426663
12 0.760095 0.429477 0.841317 0.420592 0.850200 0.456694 0.768978 0.465579
3 0.161780 0.399538 0.242788 0.409245 0.233073 0.445252 0.152067 0.435546
8 0.726745 0.745161 0.799613 0.770694 0.774096 0.803100 0.701230 0.777568
16 0.587464 0.404214 0.669772 0.404214 0.669772 0.440818 0.587464 0.440818
