8 0.746021 0.790410 0.830399 0.793250 0.827549 0.830784 0.743172 0.827943
9 0.166388 0.833702 0.248906 0.821595 0.260998 0.858298 0.178480 0.870406
4 0.612234 0.372300 0.696723 0.372300 0.696723 0.409859 0.612234 0.409859
5 0.352075 0.374070 0.436565 0.374070 0.436565 0.411629 0.352075 0.411629
1 0.401692 0.365232 0.657719 0.365232 0.657719 0.479046 0.401692 0.479046
11 0.327710 0.797513 0.402508 0.797513 0.402508 0.830763 0.327710 0.830763
14 0.637024 0.829086 0.716467 0.809896 0.735632 0.845212 0.656189 0.864402
15 0.340988 0.857788 0.425223 0.853409 0.429597 0.890854 0.345362 0.895234
2 0.733855 0.384790 0.817692 0.377802 0.824678 0.415071 0.740842 0.422059
12 0.740987 0.428442 0.824362 0.419321 0.833481 0.456385 0.750107 0.465505
3 0.174855 0.408319 0.258851 0.414384 0.252774 0.451725 0.168780 0.445660
13 0.177866 0.442930 0.258778 0.451949 0.249754 0.487919 0.168843 0.478899
16 0.615703 0.403652 0.700192 0.403652 0.700192 0.441232 0.615703 0.441232
