8 0.853818 0.661117 0.888818 0.712277 0.837678 0.727837 0.802680 0.676677
9 0.349645 0.733764 0.382232 0.668952 0.447000 0.683447 0.414415 0.748259
4 0.668501 0.404406 0.750082 0.390223 0.764249 0.426484 0.682667 0.440667
5 0.418436 0.422910 0.501535 0.413428 0.511007 0.450364 0.427907 0.459846
1 0.473593 0.414028 0.727316 0.394108 0.747214 0.506880 0.493491 0.526801
11 0.406197 0.828003 0.480834 0.828003 0.480834 0.861176 0.406197 0.861176
14 0.738829 0.875131 0.818100 0.855985 0.837224 0.891219 0.757953 0.910365
15 0.420910 0.880813 0.505147 0.883095 0.502868 0.920536 0.418630 0.918255
2 0.792932 0.389744 0.876588 0.382772 0.883559 0.419954 0.799904 0.426926
12 0.797401 0.431528 0.880596 0.422429 0.889695 0.459407 0.806501 0.468506
3 0.187785 0.437409 0.263367 0.462319 0.238467 0.495911 0.162886 0.471001
13 0.164509 0.476220 0.235710 0.503160 0.208785 0.534804 0.137586 0.507864
10 0.724160 0.809948 0.808466 0.809948 0.808466 0.847442 0.724160 0.847442
16 0.685352 0.441644 0.765648 0.424504 0.782778 0.460213 0.702482 0.477353
