8 0.853761 0.660921 0.888798 0.712111 0.837605 0.727680 0.802570 0.676490
9 0.349062 0.733610 0.381683 0.668760 0.446518 0.683264 0.413900 0.748114
4 0.668251 0.404061 0.749917 0.389871 0.764098 0.426153 0.682431 0.440343
5 0.417924 0.422577 0.501111 0.413088 0.510592 0.450047 0.427406 0.459534
1 0.464949 0.411869 0.718937 0.391937 0.738855 0.504774 0.484867 0.524707
11 0.405673 0.827904 0.480387 0.827904 0.480387 0.861096 0.405673 0.861096
14 0.738652 0.875058 0.818006 0.855902 0.837149 0.891156 0.757796 0.910313
15 0.420401 0.880744 0.504726 0.883028 0.502445 0.920490 0.418119 0.918208
2 0.792812 0.389391 0.876555 0.382415 0.883534 0.419619 0.799791 0.426595
12 0.797285 0.431200 0.880567 0.422095 0.889675 0.459094 0.806395 0.468199
3 0.187033 0.437084 0.262693 0.462008 0.237768 0.495620 0.162108 0.470695
13 0.163733 0.475917 0.235008 0.502872 0.208055 0.534535 0.136782 0.507580
10 0.723968 0.809839 0.808362 0.809839 0.808362 0.847353 0.723968 0.847353
16 0.685119 0.441321 0.765499 0.424171 0.782647 0.459901 0.702267 0.477051
