9 0.245858 0.808683 0.324433 0.798195 0.334911 0.833130 0.256337 0.843620
4 0.646977 0.379855 0.722478 0.380820 0.721514 0.414370 0.646013 0.413405
5 0.413605 0.374264 0.498261 0.375249 0.497277 0.412868 0.412622 0.411883
1 0.438207 0.374894 0.694700 0.379077 0.690523 0.493054 0.434029 0.488872
11 0.356785 0.779429 0.431742 0.779429 0.431742 0.812736 0.356785 0.812736
14 0.606025 0.834522 0.690605 0.837087 0.688044 0.874673 0.603463 0.872109
15 0.345965 0.821500 0.430438 0.825332 0.426611 0.862869 0.342137 0.859039
3 0.218187 0.369015 0.300785 0.381413 0.288381 0.418119 0.205783 0.405720
13 0.208858 0.403256 0.290106 0.411604 0.281748 0.447711 0.200502 0.439362
10 0.625595 0.775486 0.710263 0.775486 0.710263 0.813132 0.625595 0.813132
16 0.644972 0.412838 0.729640 0.412838 0.729640 0.450483 0.644972 0.450483
