4 0.590192 0.345713 0.672074 0.345713 0.672074 0.382111 0.590192 0.382111
5 0.335640 0.349141 0.417521 0.349141 0.417521 0.385541 0.335640 0.385541
2 0.742304 0.406103 0.823955 0.402011 0.828046 0.438308 0.746395 0.442400
9 0.192165 0.809311 0.272396 0.798403 0.283302 0.834069 0.203071 0.844977
8 0.737759 0.796775 0.818051 0.807483 0.807344 0.843175 0.727053 0.832467
15 0.315614 0.857315 0.397496 0.857315 0.397496 0.893714 0.315614 0.893714
14 0.607802 0.860847 0.689684 0.860847 0.689684 0.897246 0.607802 0.897246
11 0.318030 0.817204 0.399911 0.817204 0.399911 0.853602 0.318030 0.853602
10 0.610530 0.818970 0.692411 0.818970 0.692411 0.855368 0.610530 0.855368
1 0.383574 0.351209 0.631699 0.351209 0.631699 0.461510 0.383574 0.461510
16 0.590372 0.379547 0.672253 0.379547 0.672253 0.415947 0.590372 0.415947
