4 0.636021 0.381501 0.727097 0.381501 0.727097 0.421974 0.636021 0.421974
5 0.275663 0.381501 0.366739 0.381501 0.366739 0.421975 0.275663 0.421975
2 0.836797 0.422772 0.921402 0.400297 0.943881 0.437895 0.859275 0.460371
12 0.863038 0.461374 0.948937 0.441194 0.969118 0.479365 0.883221 0.499547
3 0.084543 0.396336 0.168904 0.419217 0.146021 0.456706 0.061660 0.433826
9 0.130440 0.906824 0.215220 0.884643 0.237403 0.922321 0.152623 0.944500
8 0.825001 0.893545 0.911587 0.912373 0.892757 0.950850 0.806170 0.932023
11 0.261363 0.928651 0.352440 0.928651 0.352440 0.969124 0.261363 0.969124
10 0.670341 0.926745 0.761418 0.926745 0.761418 0.967218 0.670341 0.967218
1 0.357493 0.383742 0.633482 0.383742 0.633482 0.506391 0.357493 0.506391
13 0.061408 0.434581 0.145960 0.457144 0.123395 0.494720 0.038842 0.472156
16 0.634879 0.421305 0.725955 0.421305 0.725955 0.461778 0.634879 0.461778
