4 0.538199 0.373690 0.620891 0.373690 0.620891 0.410440 0.538199 0.410440
5 0.286171 0.378886 0.368863 0.378886 0.368863 0.415636 0.286171 0.415636
2 0.731714 0.397447 0.813314 0.388522 0.822240 0.424787 0.740640 0.433712
12 0.743760 0.433576 0.824610 0.422007 0.836176 0.457939 0.755325 0.469507
3 0.156925 0.391378 0.238158 0.401682 0.227848 0.437784 0.146615 0.427482
13 0.151023 0.433435 0.232552 0.442629 0.223346 0.478864 0.141817 0.469670
14 0.529052 0.874808 0.611742 0.874615 0.611929 0.911366 0.529237 0.911558
1 0.324424 0.378793 0.575005 0.378793 0.575005 0.490157 0.324424 0.490157
11 0.278916 0.837743 0.361596 0.838514 0.360808 0.875262 0.278129 0.874491
15 0.272982 0.876590 0.355673 0.876590 0.355673 0.913361 0.272982 0.913361
8 0.638395 0.738286 0.704082 0.771790 0.670594 0.801000 0.604908 0.767495
6 0.491369 0.263492 0.522443 0.212379 0.573531 0.226196 0.542457 0.277310
7 0.331604 0.325165 0.306786 0.272552 0.359372 0.261516 0.384190 0.314130
16 0.539650 0.408170 0.622342 0.408170 0.622342 0.444941 0.539650 0.444941
