4 0.613580 0.376904 0.695609 0.376904 0.695609 0.413365 0.613580 0.413365
5 0.350693 0.375186 0.432722 0.375186 0.432722 0.411647 0.350693 0.411647
2 0.759471 0.424109 0.840597 0.416019 0.848687 0.452079 0.767560 0.460168
12 0.772527 0.465113 0.853748 0.457455 0.861405 0.493556 0.780184 0.501214
3 0.177582 0.405742 0.255969 0.421858 0.239856 0.456699 0.161468 0.440584
13 0.164098 0.440807 0.241157 0.459554 0.222412 0.493805 0.145352 0.475059
14 0.590205 0.879533 0.671862 0.884738 0.666658 0.921033 0.585000 0.915829
10 0.597570 0.825866 0.679599 0.825866 0.679599 0.862327 0.597570 0.862327
1 0.398865 0.373739 0.647438 0.373739 0.647438 0.484225 0.398865 0.484225
11 0.322436 0.833335 0.400486 0.850161 0.383661 0.884853 0.305610 0.868027
16 0.613659 0.409539 0.695688 0.409539 0.695688 0.446000 0.613659 0.446000
