0 0.356055 0.325118 0.621777 0.325118 0.621777 0.443158 0.356055 0.443158
17 0.462010 0.256685 0.549698 0.256685 0.549698 0.295638 0.462010 0.295638
8 0.798159 0.925633 0.881524 0.943752 0.863397 0.980785 0.780031 0.962666
9 0.101275 0.924178 0.180613 0.899292 0.205512 0.934534 0.126175 0.959421
11 0.230708 0.908045 0.318396 0.908045 0.318396 0.946998 0.230708 0.946998
10 0.654761 0.904375 0.742450 0.904375 0.742450 0.943329 0.654761 0.943329
2 0.831444 0.412330 0.912587 0.390179 0.934748 0.426225 0.853605 0.448375
12 0.857274 0.444349 0.940903 0.426779 0.958483 0.463928 0.874853 0.481500
3 0.080138 0.382709 0.161057 0.405220 0.138534 0.441166 0.057615 0.418655
13 0.054260 0.426790 0.137904 0.444331 0.120355 0.481487 0.036711 0.463948
