4 0.536904 0.374044 0.619500 0.374044 0.619500 0.410773 0.536904 0.410773
5 0.285168 0.379238 0.367764 0.379238 0.367764 0.415967 0.285168 0.415967
2 0.730194 0.397788 0.811700 0.388868 0.820615 0.425113 0.739110 0.434033
12 0.742226 0.433897 0.822983 0.422335 0.834535 0.458246 0.753778 0.469808
3 0.156072 0.391722 0.237211 0.402021 0.226913 0.438102 0.145774 0.427806
13 0.150177 0.433755 0.231611 0.442944 0.222416 0.479159 0.140982 0.469970
14 0.527767 0.874879 0.610361 0.874686 0.610548 0.911416 0.527952 0.911608
1 0.323377 0.379145 0.573667 0.379145 0.573667 0.490445 0.323377 0.490445
11 0.277922 0.837835 0.360506 0.838605 0.359719 0.875332 0.277135 0.874563
15 0.271994 0.876660 0.354590 0.876660 0.354590 0.913410 0.271994 0.913410
8 0.636984 0.738434 0.702594 0.771920 0.669145 0.801113 0.603535 0.767627
6 0.490128 0.263910 0.521166 0.212825 0.572195 0.226634 0.541157 0.277719
7 0.330548 0.325547 0.305759 0.272964 0.358284 0.261934 0.383073 0.314518
16 0.540846 0.403515 0.623442 0.403515 0.623442 0.440265 0.540846 0.440265
