4 0.613866 0.377254 0.695801 0.377254 0.695801 0.413694 0.613866 0.413694
5 0.351281 0.375537 0.433216 0.375537 0.433216 0.411977 0.351281 0.411977
2 0.759589 0.424432 0.840622 0.416347 0.848702 0.452386 0.767669 0.460472
12 0.772630 0.465414 0.853758 0.457760 0.861406 0.493841 0.780278 0.501495
3 0.178368 0.406075 0.256666 0.422182 0.240571 0.457004 0.162272 0.440898
13 0.164899 0.441121 0.241871 0.459857 0.223147 0.494089 0.146176 0.475353
14 0.579909 0.909680 0.661472 0.914881 0.656274 0.951156 0.574710 0.945955
10 0.590682 0.870711 0.672073 0.877003 0.665785 0.913202 0.584394 0.906911
1 0.394093 0.374090 0.642380 0.374090 0.642380 0.484515 0.394093 0.484515
11 0.323056 0.833428 0.401016 0.850245 0.384211 0.884918 0.306250 0.868101
16 0.608998 0.409871 0.690933 0.409871 0.690933 0.446311 0.608998 0.446311
