4 0.590191 0.345713 0.672070 0.345713 0.672070 0.382111 0.590191 0.382111
5 0.335643 0.349141 0.417523 0.349141 0.417523 0.385541 0.335643 0.385541
9 0.192171 0.809311 0.272400 0.798403 0.283306 0.834069 0.203076 0.844977
8 0.737755 0.796775 0.818045 0.807483 0.807339 0.843175 0.727049 0.832467
15 0.299724 0.860847 0.381604 0.860847 0.381604 0.897246 0.299724 0.897246
14 0.615747 0.859081 0.697627 0.859081 0.697627 0.895480 0.615747 0.895480
11 0.302140 0.818970 0.384020 0.818970 0.384020 0.855368 0.302140 0.855368
10 0.613177 0.822503 0.695056 0.822503 0.695056 0.858901 0.613177 0.858901
1 0.380927 0.347676 0.629047 0.347676 0.629047 0.457977 0.380927 0.457977
16 0.592842 0.377900 0.674721 0.377900 0.674721 0.414300 0.592842 0.414300
