4 0.617158 0.382669 0.712717 0.382669 0.712717 0.425114 0.617158 0.425114
5 0.263066 0.380670 0.358626 0.380670 0.358626 0.423113 0.263066 0.423113
7 0.410592 0.217767 0.458335 0.272918 0.403150 0.294124 0.355406 0.238974
6 0.535085 0.276412 0.584038 0.221734 0.638751 0.243477 0.589797 0.298155
2 0.848473 0.394035 0.941782 0.380299 0.955526 0.421744 0.862217 0.435480
12 0.859562 0.441699 0.951806 0.425073 0.968442 0.466045 0.876199 0.482671
3 0.060319 0.380898 0.152369 0.397995 0.135261 0.438879 0.043211 0.421783
13 0.044368 0.423757 0.135132 0.443673 0.115204 0.483988 0.024440 0.464072
9 0.041008 0.882484 0.136568 0.882484 0.136568 0.924927 0.041008 0.924927
8 0.860221 0.880485 0.955781 0.880485 0.955781 0.922928 0.860221 0.922928
16 0.614158 0.482632 0.709717 0.482632 0.709717 0.525076 0.614158 0.525076
11 0.245061 0.904475 0.340621 0.904475 0.340621 0.946920 0.245061 0.946920
10 0.671171 0.904475 0.766731 0.904475 0.766731 0.946920 0.671171 0.946920
1 0.342832 0.378539 0.632408 0.378539 0.632408 0.507158 0.342832 0.507158
