4 0.585032 0.353137 0.671869 0.353137 0.671869 0.391741 0.585032 0.391741
5 0.316415 0.354188 0.398522 0.354188 0.398522 0.390690 0.316415 0.390690
2 0.754949 0.375998 0.835122 0.364186 0.846931 0.399828 0.766758 0.411640
3 0.160254 0.399540 0.242297 0.401709 0.240128 0.438182 0.158085 0.436013
13 0.159321 0.437479 0.237737 0.444472 0.230747 0.479333 0.152330 0.472341
9 0.192254 0.797747 0.273771 0.791197 0.280320 0.827436 0.198803 0.833986
8 0.739222 0.680028 0.818967 0.693065 0.805934 0.728517 0.726189 0.715481
16 0.594874 0.426401 0.676980 0.426401 0.676980 0.462903 0.594874 0.462903
11 0.319899 0.702929 0.401394 0.709600 0.394725 0.745829 0.313231 0.739159
10 0.595440 0.711511 0.676127 0.701375 0.686261 0.737246 0.605573 0.747382
1 0.377529 0.350897 0.626337 0.350897 0.626337 0.461508 0.377529 0.461508
15 0.306337 0.743164 0.388025 0.748686 0.382505 0.785001 0.300816 0.779479
14 0.613131 0.752319 0.693215 0.740242 0.705290 0.775845 0.625205 0.787923
7 0.405731 0.235616 0.446182 0.283262 0.398548 0.301246 0.358097 0.253600
6 0.542141 0.269387 0.572550 0.218529 0.623396 0.232048 0.592987 0.282906
