4 0.617527 0.383207 0.712994 0.383207 0.712994 0.425615 0.617527 0.425615
5 0.263777 0.381210 0.359244 0.381210 0.359244 0.423616 0.263777 0.423616
7 0.411160 0.218449 0.458857 0.273552 0.403725 0.294739 0.356027 0.239637
6 0.535533 0.277043 0.584439 0.222413 0.639099 0.244136 0.590193 0.298767
2 0.848619 0.394563 0.941838 0.380840 0.955569 0.422248 0.862350 0.435972
12 0.859698 0.442186 0.951852 0.425574 0.968473 0.466511 0.876318 0.483123
3 0.061225 0.381438 0.153187 0.398520 0.136095 0.439369 0.044134 0.422287
13 0.045290 0.424259 0.135966 0.444158 0.116057 0.484438 0.025381 0.464539
9 0.041933 0.882586 0.137401 0.882586 0.137401 0.924993 0.041933 0.924993
8 0.860356 0.880589 0.955824 0.880589 0.955824 0.922995 0.860356 0.922995
16 0.614530 0.483083 0.709997 0.483083 0.709997 0.525490 0.614530 0.525490
11 0.245789 0.904559 0.341257 0.904559 0.341257 0.946966 0.245789 0.946966
10 0.671489 0.904559 0.766956 0.904559 0.766956 0.946966 0.671489 0.946966
1 0.340378 0.377023 0.629674 0.377023 0.629674 0.505530 0.340378 0.505530
