4 0.616788 0.381784 0.712440 0.381784 0.712440 0.424289 0.616788 0.424289
5 0.262354 0.379782 0.358006 0.379782 0.358006 0.422286 0.262354 0.422286
7 0.410022 0.216646 0.457811 0.271876 0.402573 0.293112 0.354783 0.237883
6 0.534636 0.275375 0.583636 0.220618 0.638402 0.242392 0.589401 0.297148
2 0.848326 0.393166 0.941726 0.379411 0.955483 0.420915 0.862084 0.434670
12 0.859426 0.440899 0.951759 0.424249 0.968412 0.465280 0.876079 0.481930
3 0.059411 0.380010 0.151551 0.397132 0.134426 0.438075 0.042287 0.420954
13 0.043445 0.422931 0.134296 0.442875 0.114349 0.483248 0.023497 0.463303
9 0.040082 0.882315 0.135734 0.882315 0.135734 0.924820 0.040082 0.924820
8 0.860086 0.880313 0.955738 0.880313 0.955738 0.922818 0.860086 0.922818
16 0.613785 0.481890 0.709437 0.481890 0.709437 0.524395 0.613785 0.524395
11 0.244332 0.904338 0.339984 0.904338 0.339984 0.946844 0.244332 0.946844
10 0.670854 0.904338 0.766506 0.904338 0.766506 0.946844 0.670854 0.946844
1 0.336009 0.375585 0.625864 0.375585 0.625864 0.504389 0.336009 0.504389
