4 0.585860 0.353137 0.672696 0.353137 0.672696 0.391741 0.585860 0.391741
5 0.317247 0.354188 0.399353 0.354188 0.399353 0.390690 0.317247 0.390690
3 0.161087 0.399540 0.243129 0.401709 0.240960 0.438182 0.158918 0.436013
13 0.160154 0.437479 0.238570 0.444472 0.231579 0.479333 0.153164 0.472341
9 0.193087 0.797747 0.274603 0.791197 0.281152 0.827436 0.199636 0.833986
8 0.740049 0.680028 0.819793 0.693065 0.806760 0.728517 0.727016 0.715481
16 0.595702 0.426401 0.677808 0.426401 0.677808 0.462903 0.595702 0.462903
11 0.320730 0.702929 0.402225 0.709600 0.395556 0.745829 0.314062 0.739159
10 0.596268 0.711511 0.676955 0.701375 0.687088 0.737246 0.606401 0.747382
1 0.375703 0.354439 0.624508 0.354439 0.624508 0.465050 0.375703 0.465050
15 0.307168 0.743164 0.388856 0.748686 0.383336 0.785001 0.301648 0.779479
14 0.613959 0.752319 0.694043 0.740242 0.706117 0.775845 0.626033 0.787923
7 0.406561 0.235616 0.447012 0.283262 0.399379 0.301246 0.358928 0.253600
6 0.542970 0.269387 0.573379 0.218529 0.624224 0.232048 0.593815 0.282906
