4 0.617237 0.367410 0.698736 0.367410 0.698736 0.403647 0.617237 0.403647
5 0.333164 0.370824 0.414662 0.370824 0.414662 0.407061 0.333164 0.407061
6 0.519495 0.279856 0.589379 0.251891 0.617332 0.282963 0.547448 0.310929
7 0.424294 0.251911 0.500488 0.280444 0.471967 0.314322 0.395772 0.285790
14 0.653143 0.892760 0.734641 0.892760 0.734641 0.928996 0.653143 0.928996
15 0.322927 0.891053 0.404425 0.891053 0.404425 0.927290 0.322927 0.927290
10 0.645079 0.849157 0.726577 0.849157 0.726577 0.885393 0.645079 0.885393
11 0.318196 0.847346 0.399694 0.847346 0.399694 0.883583 0.318196 0.883583
9 0.171933 0.683180 0.253432 0.683180 0.253432 0.719417 0.171933 0.719417
8 0.769479 0.672472 0.849896 0.663646 0.858718 0.699401 0.778302 0.708228
2 0.755312 0.417836 0.836451 0.412730 0.841555 0.448806 0.760417 0.453912
12 0.765404 0.455764 0.846435 0.449951 0.852246 0.485980 0.771216 0.491794
3 0.164337 0.404059 0.243427 0.417175 0.230317 0.452341 0.151227 0.439225
13 0.155282 0.437360 0.235074 0.448423 0.224016 0.483901 0.144224 0.472838
1 0.391032 0.372677 0.637997 0.372677 0.637997 0.482485 0.391032 0.482485
16 0.621534 0.405281 0.703032 0.405281 0.703032 0.441517 0.621534 0.441517
