4 0.579801 0.375045 0.686945 0.375663 0.686326 0.423322 0.579182 0.422703
5 0.295572 0.370291 0.402454 0.370291 0.402454 0.417834 0.295572 0.417834
1 0.321816 0.378711 0.667405 0.377687 0.668429 0.531409 0.322840 0.532432
10 0.635932 0.862863 0.717397 0.862863 0.717397 0.899099 0.635932 0.899099
11 0.282902 0.867880 0.364367 0.867880 0.364367 0.904117 0.282902 0.904117
14 0.635700 0.900778 0.717165 0.900778 0.717165 0.937015 0.635700 0.937015
15 0.282980 0.902536 0.364445 0.902536 0.364445 0.938773 0.282980 0.938773
9 0.129800 0.844248 0.209651 0.833481 0.220410 0.868999 0.140559 0.879766
8 0.796091 0.814846 0.872505 0.833688 0.853679 0.867678 0.777264 0.848835
2 0.774427 0.438074 0.854246 0.427201 0.865109 0.462706 0.785291 0.473578
12 0.791387 0.482431 0.870186 0.468640 0.883965 0.503691 0.805166 0.517482
3 0.133960 0.414620 0.214440 0.423050 0.206017 0.458848 0.125537 0.450418
13 0.126765 0.453782 0.207896 0.458702 0.202979 0.494790 0.121848 0.489869
16 0.582500 0.420027 0.678782 0.420027 0.678782 0.462854 0.582500 0.462854
