4 0.587511 0.344808 0.695202 0.345430 0.694580 0.393302 0.586889 0.392681
5 0.286402 0.345176 0.393831 0.345176 0.393831 0.392933 0.286402 0.392933
1 0.323354 0.359490 0.670708 0.358462 0.671737 0.512873 0.324383 0.513901
10 0.633554 0.836577 0.714526 0.836577 0.714526 0.872571 0.633554 0.872571
11 0.280992 0.839648 0.362874 0.839648 0.362874 0.876047 0.280992 0.876047
14 0.633410 0.878304 0.715291 0.878304 0.715291 0.914703 0.633410 0.914703
15 0.283798 0.877992 0.365679 0.877992 0.365679 0.914392 0.283798 0.914392
9 0.137782 0.821260 0.218041 0.810444 0.228856 0.846122 0.148597 0.856938
8 0.787963 0.771651 0.867361 0.784997 0.854018 0.820293 0.774619 0.806947
2 0.757418 0.399548 0.837646 0.388626 0.848564 0.424290 0.768338 0.435211
12 0.766751 0.437245 0.845953 0.423393 0.859802 0.458601 0.780600 0.472454
3 0.130848 0.398777 0.211982 0.406138 0.204623 0.442205 0.123488 0.434844
16 0.592427 0.396022 0.674309 0.396022 0.674309 0.432422 0.592427 0.432422
