4 0.610665 0.396530 0.726374 0.397198 0.725706 0.448626 0.609996 0.447958
5 0.259501 0.396926 0.374928 0.396926 0.374928 0.448229 0.259501 0.448229
1 0.303734 0.409567 0.676952 0.408463 0.678058 0.574341 0.304840 0.575446
10 0.635194 0.898486 0.723173 0.898486 0.723173 0.937588 0.635194 0.937588
11 0.251177 0.892960 0.339156 0.892960 0.339156 0.932063 0.251177 0.932063
9 0.102583 0.939677 0.188818 0.928058 0.200437 0.966386 0.114202 0.978006
8 0.791746 0.907951 0.874269 0.928282 0.853938 0.964961 0.771414 0.944628
2 0.818091 0.425865 0.904290 0.414132 0.916023 0.452444 0.829822 0.464176
12 0.839170 0.471888 0.924269 0.457007 0.939150 0.494830 0.854051 0.509711
3 0.090050 0.405701 0.170457 0.429501 0.146648 0.465240 0.066242 0.441439
13 0.067824 0.440748 0.148327 0.464402 0.124664 0.500183 0.044160 0.476529
7 0.411478 0.275548 0.479678 0.299861 0.455359 0.330166 0.387158 0.305852
16 0.615874 0.448102 0.726302 0.450127 0.724275 0.499196 0.613847 0.497171
