4 0.602554 0.379778 0.686349 0.379778 0.686349 0.417035 0.602554 0.417035
5 0.294859 0.381532 0.378654 0.381532 0.378654 0.418788 0.294859 0.418788
9 0.131806 0.828781 0.215601 0.828781 0.215601 0.866037 0.131806 0.866037
8 0.789626 0.810094 0.872096 0.819994 0.862199 0.856662 0.779730 0.846761
14 0.633954 0.892558 0.717749 0.892558 0.717749 0.929814 0.633954 0.929814
15 0.276530 0.899680 0.360325 0.899680 0.360325 0.936936 0.276530 0.936936
10 0.631403 0.853226 0.715197 0.853226 0.715197 0.890482 0.631403 0.890482
11 0.276450 0.856840 0.360244 0.856840 0.360244 0.894097 0.276450 0.894097
2 0.750976 0.430462 0.834643 0.427372 0.837732 0.464571 0.754065 0.467660
12 0.762977 0.469228 0.846771 0.469228 0.846771 0.506485 0.762977 0.506485
3 0.155476 0.432395 0.239271 0.432395 0.239271 0.469652 0.155476 0.469652
13 0.152263 0.474815 0.242484 0.474815 0.242484 0.514929 0.152263 0.514929
1 0.365355 0.406534 0.619279 0.406534 0.619279 0.519432 0.365355 0.519432
16 0.609805 0.419212 0.693600 0.419212 0.693600 0.456468 0.609805 0.456468
