4 0.644661 0.323724 0.735487 0.323724 0.735487 0.364070 0.644661 0.364070
5 0.273887 0.325624 0.364712 0.325624 0.364712 0.365970 0.273887 0.365970
8 0.861423 0.937559 0.952249 0.937559 0.952249 0.977904 0.861423 0.977904
9 0.028604 0.933757 0.119430 0.933757 0.119430 0.974104 0.028604 0.974104
11 0.233956 0.838737 0.324782 0.838737 0.324782 0.879083 0.233956 0.879083
10 0.661774 0.840638 0.752600 0.840638 0.752600 0.880983 0.661774 0.880983
7 0.387963 0.189359 0.470120 0.226287 0.433172 0.262784 0.351014 0.225854
6 0.527072 0.225161 0.610546 0.182300 0.653429 0.219381 0.569955 0.262241
3 0.076239 0.373543 0.178209 0.394382 0.157359 0.439678 0.055390 0.418839
13 0.055872 0.424208 0.159295 0.445694 0.137797 0.491637 0.034373 0.470149
2 0.831217 0.401074 0.937007 0.372755 0.965341 0.419748 0.859552 0.448068
12 0.863239 0.450640 0.963967 0.424260 0.990363 0.469004 0.889634 0.495386
1 0.352553 0.327629 0.627782 0.327629 0.627782 0.449889 0.352553 0.449889
16 0.645930 0.367319 0.736755 0.367319 0.736755 0.407665 0.645930 0.407665
