4 0.652294 0.316287 0.743622 0.316287 0.743622 0.356866 0.652294 0.356866
5 0.249921 0.316229 0.341249 0.316229 0.341249 0.356808 0.249921 0.356808
8 0.864346 0.923815 0.955675 0.923815 0.955675 0.964393 0.864346 0.964393
9 0.018054 0.947560 0.109382 0.947560 0.109382 0.988139 0.018054 0.988139
11 0.245225 0.846085 0.336553 0.846085 0.336553 0.886663 0.245225 0.886663
10 0.660637 0.846027 0.751966 0.846027 0.751966 0.886605 0.660637 0.886605
7 0.367583 0.173271 0.450194 0.210412 0.413042 0.247118 0.330429 0.209976
6 0.528145 0.205341 0.612080 0.162234 0.655201 0.199528 0.571265 0.242635
3 0.062997 0.360486 0.165532 0.381446 0.144566 0.427002 0.042033 0.406044
13 0.036608 0.411443 0.140604 0.433054 0.118987 0.479261 0.014991 0.457650
2 0.833973 0.396053 0.940348 0.367570 0.968839 0.414834 0.862464 0.443317
12 0.863217 0.443936 0.964503 0.417403 0.991045 0.462405 0.889759 0.488939
1 0.340841 0.343845 0.617593 0.343845 0.617593 0.466810 0.340841 0.466810
16 0.656524 0.364072 0.747852 0.364072 0.747852 0.404651 0.656524 0.404651
