4 0.638339 0.359543 0.720839 0.359543 0.720839 0.396231 0.638339 0.396231
5 0.327459 0.354358 0.409959 0.354358 0.409959 0.391046 0.327459 0.391046
8 0.765942 0.776484 0.845683 0.790596 0.831579 0.826056 0.751838 0.811944
9 0.164937 0.814436 0.245920 0.803932 0.256419 0.839945 0.175435 0.850449
11 0.296292 0.823139 0.378792 0.823139 0.378792 0.859826 0.296292 0.859826
10 0.625386 0.821463 0.707886 0.821463 0.707886 0.858150 0.625386 0.858150
7 0.420715 0.239090 0.495341 0.272670 0.461780 0.305857 0.387153 0.272276
3 0.150554 0.401297 0.246844 0.408431 0.239713 0.451250 0.143425 0.444116
13 0.143112 0.447129 0.241284 0.451622 0.236792 0.495280 0.138620 0.490785
1 0.396323 0.356078 0.646323 0.356078 0.646323 0.467252 0.396323 0.467252
15 0.298961 0.863516 0.381461 0.863516 0.381461 0.900204 0.298961 0.900204
14 0.627820 0.861735 0.710320 0.861735 0.710320 0.898423 0.627820 0.898423
16 0.641676 0.401206 0.724176 0.401206 0.724176 0.437893 0.641676 0.437893
