4 0.638339 0.359905 0.720839 0.359905 0.720839 0.396572 0.638339 0.396572
5 0.327459 0.354723 0.409959 0.354723 0.409959 0.391390 0.327459 0.391390
8 0.765942 0.776610 0.845683 0.790714 0.831579 0.826154 0.751838 0.812050
9 0.164937 0.814541 0.245920 0.804043 0.256419 0.840035 0.175435 0.850533
11 0.296292 0.823239 0.378792 0.823239 0.378792 0.859905 0.296292 0.859905
10 0.625386 0.821564 0.707886 0.821564 0.707886 0.858230 0.625386 0.858230
7 0.420715 0.239520 0.495341 0.273081 0.461780 0.306249 0.387153 0.272687
3 0.150554 0.401635 0.246844 0.408765 0.239713 0.451560 0.143425 0.444430
13 0.143112 0.447441 0.241284 0.451932 0.236792 0.495565 0.138620 0.491073
1 0.398992 0.356442 0.648992 0.356442 0.648992 0.467553 0.398992 0.467553
15 0.298961 0.863593 0.381461 0.863593 0.381461 0.900260 0.298961 0.900260
14 0.627820 0.861813 0.710320 0.861813 0.710320 0.898480 0.627820 0.898480
16 0.641676 0.401544 0.724176 0.401544 0.724176 0.438211 0.641676 0.438211
