4 0.589877 0.351530 0.674040 0.351530 0.674040 0.388980 0.589877 0.388980
5 0.344090 0.349766 0.428253 0.349766 0.428253 0.387215 0.344090 0.387215
8 0.694786 0.815671 0.773676 0.835236 0.754134 0.870340 0.675243 0.850775
11 0.321629 0.807906 0.403014 0.822215 0.388723 0.858429 0.307336 0.844121
10 0.621592 0.780180 0.705754 0.780180 0.705754 0.817629 0.621592 0.817629
3 0.181438 0.396492 0.279888 0.402309 0.274077 0.446116 0.175630 0.440298
13 0.180111 0.443832 0.280135 0.449526 0.274447 0.494033 0.174422 0.488338
1 0.367090 0.347460 0.622127 0.347460 0.622127 0.460944 0.367090 0.460944
7 0.401393 0.245517 0.471103 0.276992 0.439665 0.308011 0.369955 0.276536
6 0.502480 0.272091 0.566242 0.235425 0.602865 0.263797 0.539102 0.300463
15 0.307089 0.871907 0.391252 0.871907 0.391252 0.909357 0.307089 0.909357
16 0.590372 0.388767 0.674535 0.388767 0.674535 0.426217 0.590372 0.426217
