4 0.589576 0.351156 0.673847 0.351156 0.673847 0.388627 0.589576 0.388627
5 0.343473 0.349390 0.427744 0.349390 0.427744 0.386862 0.343473 0.386862
8 0.694620 0.815564 0.773612 0.835141 0.754044 0.870265 0.675052 0.850688
11 0.320982 0.807796 0.402473 0.822112 0.388163 0.858347 0.306672 0.844031
10 0.621332 0.780053 0.705603 0.780053 0.705603 0.817523 0.621332 0.817523
3 0.180612 0.396144 0.279188 0.401964 0.273370 0.445796 0.174795 0.439975
13 0.179283 0.443511 0.279435 0.449208 0.273740 0.493741 0.173586 0.488043
1 0.380133 0.348902 0.635499 0.348902 0.635499 0.462450 0.380133 0.462450
7 0.400850 0.245082 0.470649 0.276575 0.439171 0.307611 0.369371 0.276118
6 0.502067 0.271671 0.565911 0.234984 0.602581 0.263372 0.538736 0.300059
15 0.306424 0.871833 0.390695 0.871833 0.390695 0.909305 0.306424 0.909305
16 0.590072 0.388414 0.674343 0.388414 0.674343 0.425885 0.590072 0.425885
