4 0.593977 0.350406 0.678378 0.350406 0.678378 0.387921 0.593977 0.387921
5 0.315691 0.350405 0.400092 0.350405 0.400092 0.387920 0.315691 0.387920
8 0.692779 0.819023 0.775674 0.829597 0.765102 0.866443 0.682206 0.855869
11 0.290716 0.782004 0.371984 0.797191 0.356799 0.833312 0.275530 0.818126
10 0.575425 0.785099 0.659825 0.785099 0.659825 0.822613 0.575425 0.822613
13 0.188100 0.447670 0.288186 0.440442 0.295413 0.484928 0.195326 0.492155
1 0.373050 0.345044 0.628809 0.345044 0.628809 0.458724 0.373050 0.458724
7 0.406014 0.243755 0.479984 0.270853 0.452888 0.303731 0.378919 0.276633
6 0.506104 0.265801 0.579771 0.238338 0.607231 0.271082 0.533564 0.298545
15 0.270555 0.848393 0.354955 0.848393 0.354955 0.885908 0.270555 0.885908
14 0.567475 0.850481 0.651875 0.850481 0.651875 0.887996 0.567475 0.887996
16 0.597021 0.382613 0.681421 0.382613 0.681421 0.420128 0.597021 0.420128
