4 0.579449 0.373697 0.664019 0.373697 0.664019 0.411299 0.579449 0.411299
5 0.327160 0.373696 0.411730 0.373696 0.411730 0.411298 0.327160 0.411298
11 0.310904 0.839612 0.395474 0.839612 0.395474 0.877213 0.310904 0.877213
10 0.581916 0.772945 0.660709 0.752456 0.681189 0.787488 0.602397 0.807977
2 0.725578 0.374615 0.820522 0.342942 0.852181 0.385155 0.757239 0.416828
1 0.362746 0.375942 0.619018 0.375942 0.619018 0.489885 0.362746 0.489885
7 0.376740 0.269840 0.400353 0.323999 0.346216 0.334497 0.322603 0.280339
6 0.552429 0.319454 0.579115 0.265934 0.632615 0.277799 0.605927 0.331319
15 0.311065 0.877827 0.395635 0.877827 0.395635 0.915429 0.311065 0.915429
16 0.577602 0.405009 0.662172 0.405009 0.662172 0.442610 0.577602 0.442610
