4 0.578940 0.374060 0.663411 0.374060 0.663411 0.411639 0.578940 0.411639
5 0.326945 0.374059 0.411416 0.374059 0.411416 0.411638 0.326945 0.411638
11 0.310708 0.839705 0.395179 0.839705 0.395179 0.877284 0.310708 0.877284
10 0.581404 0.773076 0.660105 0.752600 0.680561 0.787611 0.601861 0.808088
2 0.724899 0.374977 0.819732 0.343323 0.851354 0.385511 0.756523 0.417166
1 0.365222 0.376303 0.621196 0.376303 0.621196 0.490181 0.365222 0.490181
7 0.376467 0.270263 0.400053 0.324391 0.345979 0.334883 0.322394 0.280756
6 0.551951 0.319849 0.578606 0.266359 0.632044 0.278217 0.605387 0.331707
15 0.310869 0.877898 0.395340 0.877898 0.395340 0.915478 0.310869 0.915478
16 0.577095 0.405354 0.661566 0.405354 0.661566 0.442933 0.577095 0.442933
