4 0.579462 0.373697 0.664034 0.373697 0.664034 0.411299 0.579462 0.411299
5 0.327165 0.373696 0.411738 0.373696 0.411738 0.411298 0.327165 0.411298
11 0.310909 0.839612 0.395481 0.839612 0.395481 0.877213 0.310909 0.877213
10 0.581929 0.772945 0.660724 0.752456 0.681205 0.787488 0.602410 0.807977
2 0.725596 0.374615 0.820542 0.342942 0.852202 0.385155 0.757257 0.416828
1 0.365488 0.375942 0.621768 0.375942 0.621768 0.489885 0.365488 0.489885
7 0.376747 0.269840 0.400361 0.323999 0.346222 0.334497 0.322609 0.280339
6 0.552441 0.319454 0.579127 0.265934 0.632630 0.277799 0.605941 0.331319
15 0.311070 0.877827 0.395642 0.877827 0.395642 0.915429 0.311070 0.915429
16 0.577614 0.405009 0.662187 0.405009 0.662187 0.442610 0.577614 0.442610
