4 0.585028 0.350856 0.666908 0.350856 0.666908 0.387255 0.585028 0.387255
5 0.338231 0.352569 0.420110 0.352569 0.420110 0.388969 0.338231 0.388969
11 0.307461 0.815384 0.389340 0.815384 0.389340 0.851783 0.307461 0.851783
10 0.615559 0.817099 0.697438 0.817099 0.697438 0.853498 0.615559 0.853498
1 0.378362 0.354431 0.626482 0.354431 0.626482 0.464732 0.378362 0.464732
9 0.194116 0.808082 0.275574 0.802501 0.281134 0.838727 0.199676 0.844308
8 0.745121 0.794964 0.825350 0.805872 0.814445 0.841558 0.734216 0.830650
15 0.307359 0.852222 0.389239 0.852222 0.389239 0.888622 0.307359 0.888622
14 0.618319 0.854093 0.700198 0.854093 0.700198 0.890492 0.618319 0.890492
16 0.580488 0.384490 0.662368 0.384490 0.662368 0.420889 0.580488 0.420889
