5 0.295503 0.475797 0.396010 0.475797 0.396010 0.520437 0.295503 0.520437
11 0.254474 0.927869 0.354981 0.927869 0.354981 0.972507 0.254474 0.972507
10 0.646434 0.925366 0.739278 0.925366 0.739278 0.966601 0.646434 0.966601
3 0.107449 0.433360 0.205241 0.477392 0.161177 0.520820 0.063387 0.476790
13 0.056963 0.479961 0.146989 0.522557 0.104355 0.562536 0.014331 0.519938
2 0.776329 0.495402 0.865550 0.435979 0.925025 0.475601 0.835806 0.535023
12 0.839842 0.531945 0.925965 0.476505 0.981464 0.514753 0.895343 0.570194
1 0.354428 0.476041 0.658997 0.476041 0.658997 0.611311 0.354428 0.611311
16 0.598482 0.568315 0.698990 0.568315 0.698990 0.612955 0.598482 0.612955
4 0.598482 0.477901 0.698990 0.477901 0.698990 0.522541 0.598482 0.522541
