4 0.590686 0.374161 0.672616 0.374161 0.672616 0.410601 0.590686 0.410601
5 0.336017 0.370726 0.417946 0.370726 0.417946 0.407167 0.336017 0.407167
11 0.300316 0.824126 0.382245 0.824126 0.382245 0.860565 0.300316 0.860565
10 0.585034 0.825896 0.666963 0.825896 0.666963 0.862335 0.585034 0.862335
3 0.173503 0.391271 0.266815 0.406915 0.251179 0.448415 0.157868 0.432771
2 0.736702 0.409073 0.837659 0.396007 0.850726 0.440911 0.749771 0.453978
1 0.376014 0.374307 0.624284 0.374307 0.624284 0.484731 0.376014 0.484731
14 0.582185 0.877025 0.664114 0.877025 0.664114 0.913465 0.582185 0.913465
15 0.307409 0.873920 0.389338 0.873920 0.389338 0.910340 0.307409 0.910340
16 0.602759 0.459733 0.684056 0.466510 0.677281 0.502648 0.595985 0.495872
