4 0.590689 0.373810 0.672617 0.373810 0.672617 0.410271 0.590689 0.410271
5 0.336021 0.370373 0.417950 0.370373 0.417950 0.406834 0.336021 0.406834
11 0.300320 0.824027 0.382249 0.824027 0.382249 0.860487 0.300320 0.860487
10 0.585036 0.825798 0.666964 0.825798 0.666964 0.862258 0.585036 0.862258
3 0.173508 0.390929 0.266820 0.406582 0.251184 0.448106 0.157873 0.432452
2 0.736703 0.408741 0.837660 0.395668 0.850726 0.440597 0.749772 0.453671
1 0.376018 0.358032 0.624286 0.358032 0.624286 0.468518 0.376018 0.468518
14 0.582187 0.876956 0.664115 0.876956 0.664115 0.913417 0.582187 0.913417
15 0.307413 0.873850 0.389341 0.873850 0.389341 0.910289 0.307413 0.910289
16 0.602761 0.459429 0.684057 0.466210 0.677282 0.502369 0.595987 0.495589
