4 0.590686 0.373810 0.672616 0.373810 0.672616 0.410271 0.590686 0.410271
5 0.336017 0.370373 0.417946 0.370373 0.417946 0.406834 0.336017 0.406834
11 0.300316 0.824027 0.382245 0.824027 0.382245 0.860487 0.300316 0.860487
10 0.585034 0.825798 0.666963 0.825798 0.666963 0.862258 0.585034 0.862258
3 0.173503 0.390929 0.266815 0.406582 0.251179 0.448106 0.157868 0.432452
2 0.736702 0.408741 0.837659 0.395668 0.850726 0.440597 0.749771 0.453671
1 0.378666 0.361570 0.626936 0.361570 0.626936 0.472056 0.378666 0.472056
14 0.582185 0.876956 0.664114 0.876956 0.664114 0.913417 0.582185 0.913417
15 0.307409 0.873850 0.389338 0.873850 0.389338 0.910289 0.307409 0.910289
16 0.602759 0.459429 0.684056 0.466210 0.677281 0.502369 0.595985 0.495589
