4 0.595297 0.486312 0.695804 0.486312 0.695804 0.530952 0.595297 0.530952
5 0.289191 0.488414 0.389698 0.488414 0.389698 0.533053 0.289191 0.533053
11 0.257629 0.929970 0.358136 0.929970 0.358136 0.974608 0.257629 0.974608
10 0.636290 0.927869 0.736798 0.927869 0.736798 0.972507 0.636290 0.972507
3 0.116040 0.436975 0.211496 0.483226 0.165211 0.525617 0.069756 0.479367
13 0.070385 0.480596 0.162796 0.520859 0.122495 0.561899 0.030086 0.521634
2 0.783161 0.501206 0.869445 0.439889 0.930817 0.478207 0.844536 0.539524
12 0.850257 0.539087 0.931002 0.480164 0.989986 0.516023 0.909242 0.574946
1 0.344291 0.470190 0.648859 0.470190 0.648859 0.605460 0.344291 0.605460
16 0.592171 0.572520 0.692678 0.572520 0.692678 0.617160 0.592171 0.617160
