5 0.290437 0.482154 0.373701 0.482154 0.373701 0.519157 0.290437 0.519157
11 0.269520 0.937054 0.352783 0.937054 0.352783 0.974056 0.269520 0.974056
10 0.635505 0.937055 0.718769 0.937055 0.718769 0.974057 0.635505 0.974057
3 0.113731 0.440007 0.194744 0.476505 0.158241 0.512503 0.077228 0.476006
13 0.079751 0.476892 0.154331 0.512199 0.119011 0.545339 0.044433 0.510028
2 0.793351 0.491433 0.867265 0.442177 0.916536 0.475021 0.842624 0.524276
12 0.843353 0.519981 0.914700 0.474027 0.960677 0.505731 0.889331 0.551687
1 0.365082 0.480719 0.617394 0.480719 0.617394 0.592846 0.365082 0.592846
16 0.612028 0.567558 0.695292 0.567558 0.695292 0.604561 0.612028 0.604561
4 0.612028 0.480413 0.695292 0.480413 0.695292 0.517415 0.612028 0.517415
