4 0.590685 0.373810 0.672613 0.373810 0.672613 0.410271 0.590685 0.410271
5 0.336020 0.370373 0.417948 0.370373 0.417948 0.406834 0.336020 0.406834
11 0.300319 0.824027 0.382247 0.824027 0.382247 0.860487 0.300319 0.860487
10 0.585032 0.825798 0.666960 0.825798 0.666960 0.862258 0.585032 0.862258
3 0.173508 0.390929 0.266819 0.406582 0.251183 0.448106 0.157873 0.432452
2 0.736698 0.408741 0.837654 0.395668 0.850721 0.440597 0.749767 0.453671
1 0.383972 0.356262 0.632238 0.356262 0.632238 0.466748 0.383972 0.466748
14 0.582183 0.876956 0.664111 0.876956 0.664111 0.913417 0.582183 0.913417
15 0.307412 0.873850 0.389339 0.873850 0.389339 0.910289 0.307412 0.910289
16 0.602758 0.459429 0.684053 0.466210 0.677278 0.502369 0.595983 0.495589
