4 0.635028 0.373099 0.728073 0.373099 0.728073 0.414409 0.635028 0.414409
5 0.255026 0.375046 0.348071 0.375046 0.348071 0.416356 0.255026 0.416356
2 0.825717 0.385778 0.912396 0.363245 0.934939 0.401728 0.848258 0.424263
12 0.849043 0.432680 0.935561 0.409870 0.958377 0.448281 0.871860 0.471090
3 0.091052 0.369796 0.175521 0.395787 0.149512 0.433288 0.065042 0.407297
13 0.065539 0.412291 0.157472 0.435642 0.134098 0.476459 0.042165 0.453108
1 0.344198 0.363317 0.626153 0.363317 0.626153 0.488501 0.344198 0.488501
11 0.222823 0.881304 0.315862 0.881202 0.315947 0.922515 0.222906 0.922618
10 0.684300 0.881242 0.777345 0.881242 0.777345 0.922577 0.684300 0.922577
6 0.554020 0.290969 0.586545 0.232880 0.644663 0.247329 0.612137 0.305418
7 0.394734 0.237065 0.424458 0.295817 0.365678 0.309022 0.335954 0.250270
8 0.867132 0.891337 0.960051 0.894567 0.956819 0.935845 0.863900 0.932615
9 0.032299 0.889485 0.132062 0.889485 0.132062 0.933803 0.032299 0.933803
16 0.639192 0.404242 0.732237 0.404242 0.732237 0.445577 0.639192 0.445577
