4 0.635282 0.373859 0.728503 0.373859 0.728503 0.415244 0.635282 0.415244
5 0.254565 0.375809 0.347785 0.375809 0.347785 0.417194 0.254565 0.417194
2 0.826330 0.386562 0.913173 0.363988 0.935758 0.402540 0.848914 0.425115
12 0.849701 0.433547 0.936381 0.410696 0.959241 0.449176 0.872560 0.472026
3 0.090281 0.370550 0.174910 0.396588 0.148852 0.434156 0.064223 0.408119
13 0.064721 0.413122 0.156827 0.436514 0.133409 0.477404 0.041303 0.454012
1 0.358984 0.376117 0.641470 0.376117 0.641470 0.501525 0.358984 0.501525
11 0.222301 0.882974 0.315515 0.882871 0.315600 0.924258 0.222384 0.924362
10 0.684647 0.882912 0.777868 0.882912 0.777868 0.924320 0.684647 0.924320
6 0.554122 0.291583 0.586708 0.233390 0.644936 0.247864 0.612348 0.306057
8 0.867824 0.893025 0.960918 0.896260 0.957679 0.937612 0.864585 0.934377
9 0.031418 0.891169 0.131369 0.891169 0.131369 0.935567 0.031418 0.935567
7 0.396966 0.231820 0.431235 0.291203 0.371818 0.306426 0.337548 0.247043
16 0.636642 0.406933 0.729862 0.406933 0.729862 0.448340 0.636642 0.448340
