4 0.635626 0.373084 0.728758 0.373084 0.728758 0.414437 0.635626 0.414437
5 0.255266 0.375033 0.348399 0.375033 0.348399 0.416386 0.255266 0.416386
2 0.826493 0.385777 0.913255 0.363220 0.935819 0.401743 0.849056 0.424301
12 0.849842 0.432727 0.936441 0.409893 0.959279 0.448343 0.872680 0.471176
3 0.091137 0.369778 0.175686 0.395795 0.149653 0.433335 0.065103 0.407318
13 0.065601 0.412317 0.157620 0.435691 0.134224 0.476550 0.042205 0.453175
1 0.344522 0.373332 0.626742 0.373332 0.626742 0.498644 0.344522 0.498644
11 0.223032 0.881810 0.316159 0.881707 0.316244 0.923062 0.223116 0.923166
10 0.684944 0.881748 0.778077 0.881748 0.778077 0.923124 0.684944 0.923124
6 0.554541 0.290870 0.587097 0.232722 0.645270 0.247185 0.612713 0.305334
7 0.395105 0.236911 0.424857 0.295723 0.366022 0.308941 0.336270 0.250129
8 0.867948 0.891853 0.960954 0.895086 0.957719 0.936406 0.864713 0.933173
9 0.032329 0.889999 0.132187 0.889999 0.132187 0.934362 0.032329 0.934362
16 0.639793 0.402387 0.732926 0.402387 0.732926 0.443763 0.639793 0.443763
