4 0.578729 0.365575 0.660665 0.365575 0.660665 0.402015 0.578729 0.402015
5 0.303456 0.369006 0.385392 0.369006 0.385392 0.405447 0.303456 0.405447
11 0.308914 0.820275 0.390849 0.820275 0.390849 0.856714 0.308914 0.856714
2 0.722184 0.405637 0.823149 0.392571 0.836217 0.437475 0.735254 0.450542
12 0.745377 0.449819 0.840974 0.436594 0.854205 0.479114 0.758610 0.492340
1 0.361785 0.369155 0.610074 0.369155 0.610074 0.479579 0.361785 0.479579
15 0.306397 0.850340 0.388333 0.850340 0.388333 0.886781 0.306397 0.886781
9 0.168236 0.828695 0.249017 0.819552 0.258153 0.855479 0.177372 0.864621
8 0.745665 0.753762 0.807496 0.789627 0.771655 0.817127 0.709824 0.781260
16 0.578832 0.396993 0.660768 0.396993 0.660768 0.433434 0.578832 0.433434
