4 0.578733 0.365575 0.660669 0.365575 0.660669 0.402015 0.578733 0.402015
5 0.303458 0.369006 0.385394 0.369006 0.385394 0.405447 0.303458 0.405447
11 0.308915 0.820275 0.390851 0.820275 0.390851 0.856714 0.308915 0.856714
2 0.722189 0.405637 0.823155 0.392571 0.836223 0.437475 0.735259 0.450542
12 0.745382 0.449819 0.840979 0.436594 0.854211 0.479114 0.758615 0.492340
1 0.356889 0.363439 0.614975 0.363439 0.614975 0.478221 0.356889 0.478221
15 0.306398 0.850340 0.388335 0.850340 0.388335 0.886781 0.306398 0.886781
9 0.168236 0.828695 0.249018 0.819552 0.258154 0.855479 0.177372 0.864621
8 0.745670 0.753762 0.807501 0.789627 0.771660 0.817127 0.709829 0.781260
16 0.578836 0.396993 0.660772 0.396993 0.660772 0.433434 0.578836 0.433434
