4 0.578730 0.365575 0.660667 0.365575 0.660667 0.402015 0.578730 0.402015
5 0.303453 0.369006 0.385390 0.369006 0.385390 0.405447 0.303453 0.405447
11 0.308911 0.820275 0.390848 0.820275 0.390848 0.856714 0.308911 0.856714
2 0.722187 0.405637 0.823154 0.392571 0.836223 0.437475 0.735258 0.450542
12 0.745381 0.449819 0.840979 0.436594 0.854211 0.479114 0.758614 0.492340
1 0.359132 0.356775 0.607425 0.356775 0.607425 0.467200 0.359132 0.467200
15 0.306394 0.850340 0.388331 0.850340 0.388331 0.886781 0.306394 0.886781
9 0.168231 0.828695 0.249013 0.819552 0.258150 0.855479 0.177367 0.864621
8 0.745669 0.753762 0.807501 0.789627 0.771659 0.817127 0.709827 0.781260
16 0.578834 0.396993 0.660771 0.396993 0.660771 0.433434 0.578834 0.433434
