4 0.566043 0.385392 0.650469 0.385392 0.650469 0.422929 0.566043 0.422929
5 0.322172 0.385390 0.406597 0.385390 0.406597 0.422927 0.322172 0.422927
11 0.271559 0.831106 0.355985 0.831106 0.355985 0.868641 0.271559 0.868641
2 0.718004 0.401746 0.823859 0.398405 0.827209 0.445470 0.721357 0.448812
12 0.725475 0.452969 0.822284 0.450211 0.825056 0.493258 0.728247 0.496018
1 0.363554 0.378203 0.619389 0.378203 0.619389 0.491949 0.363554 0.491949
15 0.274429 0.887524 0.358854 0.887524 0.358854 0.925060 0.274429 0.925060
10 0.650904 0.829445 0.735329 0.829445 0.735329 0.866982 0.650904 0.866982
14 0.653555 0.885756 0.737981 0.885756 0.737981 0.923292 0.653555 0.923292
16 0.567289 0.417934 0.651714 0.417934 0.651714 0.455470 0.567289 0.455470
