4 0.541858 0.376516 0.626485 0.376516 0.626485 0.414162 0.541858 0.414162
5 0.294744 0.376515 0.379372 0.376515 0.379372 0.414161 0.294744 0.414161
11 0.273485 0.793379 0.358113 0.793379 0.358113 0.831024 0.273485 0.831024
2 0.680496 0.430604 0.786534 0.426387 0.790761 0.473556 0.684724 0.477776
12 0.685287 0.480351 0.785788 0.474851 0.791299 0.519562 0.690799 0.525063
1 0.336145 0.369307 0.592593 0.369307 0.592593 0.483383 0.336145 0.483383
15 0.270806 0.853507 0.355433 0.853507 0.355433 0.891152 0.270806 0.891152
9 0.148757 0.792730 0.231352 0.780426 0.243647 0.817166 0.161052 0.829471
14 0.653496 0.849961 0.738124 0.849961 0.738124 0.887606 0.653496 0.887606
10 0.647860 0.795206 0.732488 0.795206 0.732488 0.832851 0.647860 0.832851
16 0.538934 0.412838 0.623562 0.412838 0.623562 0.450483 0.538934 0.450483
