4 0.608831 0.444048 0.709395 0.444048 0.709395 0.481326 0.608831 0.481326
5 0.309921 0.447558 0.410485 0.447558 0.410485 0.484837 0.309921 0.484837
11 0.263606 0.897076 0.364170 0.897076 0.364170 0.934354 0.263606 0.934354
2 0.802624 0.521123 0.924634 0.499706 0.943977 0.544722 0.821969 0.566142
12 0.827758 0.570386 0.943875 0.550979 0.962018 0.593791 0.845902 0.613199
1 0.341608 0.444251 0.646347 0.444251 0.646347 0.557215 0.341608 0.557215
15 0.263054 0.932195 0.363618 0.932195 0.363618 0.969473 0.263054 0.969473
14 0.697039 0.928789 0.797034 0.928789 0.797034 0.965856 0.697039 0.965856
10 0.689912 0.891809 0.790476 0.891809 0.790476 0.929088 0.689912 0.929088
7 0.349202 0.284818 0.429269 0.345063 0.369077 0.380679 0.289009 0.320435
6 0.567194 0.338489 0.613690 0.264184 0.687930 0.284867 0.641434 0.359171
16 0.605802 0.480826 0.713086 0.480826 0.713086 0.528550 0.605802 0.528550
