4 0.548325 0.362254 0.633254 0.362254 0.633254 0.400009 0.548325 0.400009
5 0.303887 0.364031 0.388816 0.364031 0.388816 0.401786 0.303887 0.401786
11 0.278268 0.811960 0.363197 0.811960 0.363197 0.849714 0.278268 0.849714
2 0.711693 0.406225 0.819738 0.405271 0.815662 0.452067 0.707618 0.453024
12 0.711063 0.449924 0.813458 0.449240 0.810083 0.493730 0.707689 0.494414
1 0.353273 0.349797 0.610635 0.349797 0.610635 0.464205 0.353273 0.464205
15 0.275216 0.846559 0.360145 0.846559 0.360145 0.884314 0.275216 0.884314
14 0.633246 0.850492 0.717695 0.850492 0.717695 0.888033 0.633246 0.888033
10 0.627853 0.809580 0.716701 0.809580 0.716701 0.849077 0.627853 0.849077
7 0.399343 0.230271 0.458460 0.261216 0.435579 0.290135 0.376461 0.259191
6 0.485680 0.259294 0.582734 0.212812 0.615937 0.254001 0.518884 0.300481
16 0.549314 0.394042 0.634244 0.394042 0.634244 0.431796 0.549314 0.431796
