4 0.548314 0.362254 0.633247 0.362254 0.633247 0.400009 0.548314 0.400009
5 0.303868 0.364031 0.388800 0.364031 0.388800 0.401786 0.303868 0.401786
11 0.278248 0.811960 0.363180 0.811960 0.363180 0.849714 0.278248 0.849714
2 0.711688 0.406225 0.819737 0.405271 0.815661 0.452067 0.707613 0.453024
12 0.711058 0.449924 0.813457 0.449240 0.810081 0.493730 0.707684 0.494414
1 0.353256 0.349797 0.610627 0.349797 0.610627 0.464205 0.353256 0.464205
15 0.275195 0.846559 0.360128 0.846559 0.360128 0.884314 0.275195 0.884314
14 0.633239 0.850492 0.717690 0.850492 0.717690 0.888033 0.633239 0.888033
10 0.627845 0.809580 0.716697 0.809580 0.716697 0.849077 0.627845 0.849077
7 0.399327 0.230271 0.458447 0.261216 0.435564 0.290135 0.376444 0.259191
6 0.485667 0.259294 0.582725 0.212812 0.615929 0.254001 0.518872 0.300481
16 0.549304 0.394042 0.634236 0.394042 0.634236 0.431796 0.549304 0.431796
