4 0.549169 0.362254 0.634095 0.362254 0.634095 0.400009 0.549169 0.400009
5 0.304739 0.364031 0.389666 0.364031 0.389666 0.401786 0.304739 0.401786
11 0.279121 0.811960 0.364048 0.811960 0.364048 0.849714 0.279121 0.849714
2 0.712531 0.406225 0.820572 0.405271 0.816497 0.452067 0.708456 0.453024
12 0.711901 0.449924 0.814293 0.449240 0.810917 0.493730 0.708527 0.494414
1 0.354124 0.349797 0.611477 0.349797 0.611477 0.464205 0.354124 0.464205
15 0.276069 0.846559 0.360995 0.846559 0.360995 0.884314 0.276069 0.884314
14 0.634087 0.850492 0.718533 0.850492 0.718533 0.888033 0.634087 0.888033
10 0.628694 0.809580 0.717539 0.809580 0.717539 0.849077 0.628694 0.849077
7 0.400192 0.230271 0.459307 0.261216 0.436427 0.290135 0.377311 0.259191
6 0.486526 0.259294 0.583577 0.212812 0.616779 0.254001 0.519729 0.300481
9 0.150423 0.815837 0.234694 0.808812 0.241716 0.846276 0.157446 0.853300
16 0.550158 0.394042 0.635085 0.394042 0.635085 0.431796 0.550158 0.431796
