4 0.600001 0.367771 0.679427 0.382410 0.664789 0.417711 0.585363 0.403073
5 0.317617 0.368923 0.399525 0.362900 0.405548 0.399305 0.323640 0.405328
11 0.303129 0.790194 0.385534 0.790194 0.385534 0.826819 0.303129 0.826819
3 0.176815 0.378973 0.274237 0.404492 0.249658 0.447913 0.152236 0.422393
13 0.165586 0.420352 0.248518 0.445132 0.226386 0.482445 0.143456 0.457662
2 0.742977 0.408165 0.846603 0.397549 0.852136 0.442873 0.748510 0.453490
1 0.357351 0.366121 0.606642 0.375796 0.596966 0.486595 0.347677 0.476919
15 0.302676 0.847124 0.385081 0.847124 0.385081 0.883749 0.302676 0.883749
14 0.635008 0.848954 0.716947 0.848954 0.716947 0.885372 0.635008 0.885372
10 0.634344 0.783294 0.716749 0.783294 0.716749 0.819919 0.634344 0.819919
7 0.423046 0.242606 0.443093 0.295894 0.389807 0.304804 0.369760 0.251517
6 0.537430 0.289267 0.580523 0.242440 0.627349 0.261593 0.584256 0.308420
16 0.581375 0.397476 0.662372 0.407588 0.652259 0.443589 0.571263 0.433475
