4 0.549725 0.390999 0.632502 0.390999 0.632502 0.427770 0.549725 0.427770
5 0.290690 0.389266 0.373466 0.389266 0.373466 0.426037 0.290690 0.426037
11 0.288957 0.803218 0.371733 0.803218 0.371733 0.839988 0.288957 0.839988
3 0.136862 0.416922 0.241346 0.424758 0.234464 0.471126 0.129980 0.463289
13 0.130139 0.462153 0.220876 0.468838 0.216929 0.509035 0.126192 0.502347
2 0.712405 0.414432 0.806534 0.382960 0.832824 0.425118 0.738697 0.456592
12 0.743373 0.451090 0.832608 0.421308 0.858190 0.461205 0.768955 0.490987
1 0.322364 0.382591 0.573201 0.382591 0.573201 0.494017 0.322364 0.494017
15 0.283304 0.856910 0.366080 0.856910 0.366080 0.893680 0.283304 0.893680
8 0.666519 0.639511 0.711226 0.685930 0.664783 0.705789 0.620077 0.659369
14 0.619732 0.865674 0.702040 0.865674 0.702040 0.902237 0.619732 0.902237
10 0.611267 0.810145 0.694043 0.810145 0.694043 0.846916 0.611267 0.846916
9 0.158740 0.659582 0.208088 0.615300 0.252394 0.637222 0.203045 0.681504
16 0.552578 0.424812 0.635354 0.424812 0.635354 0.461583 0.552578 0.461583
