4 0.538237 0.368533 0.620165 0.375000 0.613703 0.411433 0.531774 0.404967
5 0.292754 0.365285 0.374760 0.371299 0.368749 0.407767 0.286744 0.401753
11 0.303319 0.788110 0.385819 0.788110 0.385819 0.824797 0.303319 0.824797
3 0.183289 0.425049 0.287425 0.432868 0.280566 0.479131 0.176430 0.471311
13 0.188939 0.475102 0.280038 0.482193 0.275706 0.522606 0.184607 0.515512
2 0.726075 0.413343 0.830121 0.404105 0.834289 0.449570 0.730243 0.458810
12 0.733716 0.453461 0.832508 0.445725 0.836159 0.488944 0.737369 0.496681
1 0.330677 0.385692 0.580673 0.384802 0.581562 0.495974 0.331565 0.496864
15 0.302866 0.852049 0.385366 0.852049 0.385366 0.888737 0.302866 0.888737
8 0.752695 0.809347 0.830452 0.827738 0.812072 0.862316 0.734315 0.843924
14 0.635581 0.855609 0.717614 0.855609 0.717614 0.892089 0.635581 0.892089
10 0.629734 0.786382 0.712234 0.786382 0.712234 0.823070 0.629734 0.823070
6 0.509189 0.259579 0.564066 0.212075 0.601347 0.236982 0.546469 0.284485
9 0.176861 0.805958 0.256696 0.819834 0.242828 0.855336 0.162993 0.841460
16 0.532225 0.401510 0.614187 0.407783 0.607917 0.444231 0.525954 0.437957
