4 0.599395 0.382007 0.681895 0.382007 0.681895 0.418695 0.599395 0.418695
5 0.312727 0.383735 0.395227 0.383735 0.395227 0.420423 0.312727 0.420423
11 0.300637 0.824402 0.383137 0.824402 0.383137 0.861089 0.300637 0.861089
2 0.726957 0.432958 0.829910 0.419321 0.838408 0.464515 0.735456 0.478155
12 0.742788 0.467195 0.840920 0.456349 0.847632 0.499404 0.749501 0.510250
1 0.365021 0.373361 0.615021 0.373361 0.615021 0.484535 0.365021 0.484535
15 0.295004 0.888339 0.377504 0.888339 0.377504 0.925027 0.295004 0.925027
10 0.631968 0.816887 0.709689 0.816756 0.709819 0.851318 0.632098 0.851448
14 0.636315 0.886123 0.721016 0.886123 0.721016 0.923788 0.636315 0.923788
9 0.158075 0.801893 0.238333 0.789149 0.251070 0.824839 0.170812 0.837583
8 0.764959 0.783534 0.846982 0.789442 0.841078 0.825917 0.759055 0.820009
16 0.598534 0.411169 0.681034 0.411169 0.681034 0.447856 0.598534 0.447856
