4 0.603563 0.383736 0.686063 0.383736 0.686063 0.420424 0.603563 0.420424
5 0.324666 0.383735 0.407166 0.383735 0.407166 0.420423 0.324666 0.420423
11 0.284315 0.807485 0.366815 0.807485 0.366815 0.844172 0.284315 0.844172
13 0.134190 0.471367 0.222068 0.487095 0.209073 0.526341 0.121197 0.510611
2 0.777366 0.418030 0.879962 0.403243 0.889595 0.448337 0.787000 0.463128
12 0.785531 0.464155 0.883463 0.452532 0.890943 0.495531 0.793012 0.507155
1 0.377116 0.377864 0.627116 0.377864 0.627116 0.489037 0.377116 0.489037
15 0.282347 0.855671 0.364759 0.858207 0.362226 0.894855 0.279813 0.892320
8 0.793883 0.794501 0.874279 0.806849 0.861938 0.842601 0.781541 0.830251
14 0.621053 0.853724 0.703086 0.853724 0.703086 0.890204 0.621053 0.890204
10 0.623135 0.796959 0.705635 0.796959 0.705635 0.833647 0.623135 0.833647
9 0.128564 0.802000 0.211064 0.801869 0.211195 0.838557 0.128695 0.838688
3 0.151361 0.426643 0.230297 0.442644 0.214305 0.477747 0.135369 0.461746
16 0.607680 0.416150 0.690180 0.416150 0.690180 0.452838 0.607680 0.452838
