4 0.599288 0.393544 0.684000 0.393544 0.684000 0.431233 0.599288 0.431233
5 0.384740 0.388218 0.469452 0.388218 0.469452 0.425907 0.384740 0.425907
11 0.331182 0.791371 0.415185 0.798667 0.407898 0.836040 0.323894 0.828745
1 0.406755 0.387405 0.663457 0.387405 0.663457 0.501613 0.406755 0.501613
15 0.314491 0.846339 0.398580 0.853189 0.391737 0.890599 0.307649 0.883750
10 0.624755 0.792361 0.704560 0.792227 0.704693 0.827732 0.624888 0.827866
6 0.580188 0.314892 0.628287 0.268356 0.674776 0.289755 0.626676 0.336292
7 0.457209 0.268399 0.507851 0.313717 0.462580 0.336248 0.411935 0.290930
14 0.622368 0.849787 0.707079 0.849787 0.707079 0.887475 0.622368 0.887475
16 0.600233 0.432627 0.684945 0.432627 0.684945 0.470315 0.600233 0.470315
