4 0.623905 0.372302 0.706585 0.372302 0.706585 0.409053 0.623905 0.409053
5 0.344403 0.367110 0.427083 0.367110 0.427083 0.403860 0.344403 0.403860
11 0.322331 0.775209 0.405000 0.776059 0.404151 0.812805 0.321481 0.811955
3 0.148479 0.426033 0.250098 0.434823 0.242243 0.479957 0.140621 0.471164
13 0.146663 0.471653 0.242577 0.481748 0.235404 0.524354 0.139493 0.514256
2 0.763488 0.416312 0.865646 0.399589 0.877190 0.444563 0.775033 0.461288
1 0.399798 0.370928 0.650343 0.370928 0.650343 0.482291 0.399798 0.482291
10 0.630586 0.778493 0.708477 0.778363 0.708607 0.812983 0.630717 0.813114
14 0.636047 0.829138 0.718727 0.829138 0.718727 0.865887 0.636047 0.865887
9 0.122691 0.810619 0.203873 0.800168 0.214323 0.836252 0.133140 0.846702
8 0.786256 0.790594 0.867920 0.799208 0.859304 0.835506 0.777640 0.826892
15 0.327005 0.830658 0.409685 0.830658 0.409685 0.867408 0.327005 0.867408
16 0.627018 0.405179 0.709698 0.405179 0.709698 0.441928 0.627018 0.441928
