4 0.623904 0.372302 0.706583 0.372302 0.706583 0.409053 0.623904 0.409053
5 0.344402 0.367110 0.427082 0.367110 0.427082 0.403860 0.344402 0.403860
11 0.322330 0.775209 0.405000 0.776059 0.404150 0.812805 0.321480 0.811955
3 0.148479 0.426033 0.250098 0.434823 0.242243 0.479957 0.140621 0.471164
13 0.146663 0.471653 0.242577 0.481748 0.235404 0.524354 0.139493 0.514256
2 0.763486 0.416312 0.865644 0.399589 0.877188 0.444563 0.775031 0.461288
1 0.383749 0.367361 0.634293 0.367361 0.634293 0.478724 0.383749 0.478724
10 0.630585 0.778493 0.708476 0.778363 0.708606 0.812983 0.630715 0.813114
14 0.636046 0.829138 0.718726 0.829138 0.718726 0.865887 0.636046 0.865887
9 0.122691 0.810619 0.203873 0.800168 0.214322 0.836252 0.133140 0.846702
8 0.786255 0.790594 0.867918 0.799208 0.859302 0.835506 0.777639 0.826892
15 0.327004 0.830658 0.409684 0.830658 0.409684 0.867408 0.327004 0.867408
16 0.627016 0.405179 0.709696 0.405179 0.709696 0.441928 0.627016 0.441928
