4 0.608741 0.444507 0.709222 0.444507 0.709222 0.481755 0.608741 0.481755
5 0.310078 0.448015 0.410559 0.448015 0.410559 0.485263 0.310078 0.485263
11 0.263801 0.897161 0.364281 0.897161 0.364281 0.934408 0.263801 0.934408
2 0.802374 0.521519 0.924283 0.500119 0.943611 0.545099 0.821703 0.566500
12 0.827487 0.570741 0.943509 0.551350 0.961637 0.594127 0.845616 0.613519
1 0.368828 0.435672 0.673315 0.435672 0.673315 0.548543 0.368828 0.548543
15 0.263249 0.932251 0.363730 0.932251 0.363730 0.969498 0.263249 0.969498
8 0.837179 0.791875 0.937448 0.795500 0.933101 0.832669 0.832831 0.829042
14 0.696876 0.928848 0.796788 0.928848 0.796788 0.965884 0.696876 0.965884
10 0.689755 0.891898 0.790236 0.891898 0.790236 0.929146 0.689755 0.929146
7 0.349326 0.285409 0.429327 0.345604 0.369185 0.381191 0.289183 0.320996
6 0.567138 0.339035 0.613596 0.264792 0.687775 0.285458 0.641317 0.359701
16 0.608754 0.473616 0.704817 0.473616 0.704817 0.516348 0.608754 0.516348
