4 0.595685 0.391705 0.678737 0.391705 0.678737 0.428644 0.595685 0.428644
5 0.333181 0.389966 0.416233 0.389966 0.416233 0.426904 0.333181 0.426904
11 0.305362 0.779703 0.388414 0.779703 0.388414 0.816640 0.305362 0.816640
3 0.171544 0.381880 0.264988 0.410678 0.237121 0.452392 0.143675 0.423590
13 0.148393 0.423454 0.238847 0.450139 0.215067 0.490851 0.124616 0.464168
2 0.752596 0.408428 0.852295 0.385076 0.870392 0.429319 0.770695 0.452673
15 0.299956 0.842075 0.383005 0.842604 0.382475 0.879540 0.299427 0.879011
10 0.636302 0.779098 0.714543 0.778967 0.714674 0.813764 0.636433 0.813895
14 0.636569 0.845820 0.719620 0.845820 0.719620 0.882757 0.636569 0.882757
1 0.369067 0.382945 0.620739 0.382945 0.620739 0.494878 0.369067 0.494878
16 0.595022 0.433897 0.678074 0.433897 0.678074 0.470835 0.595022 0.470835
