4 0.588703 0.374075 0.671116 0.374075 0.671116 0.410721 0.588703 0.410721
5 0.317866 0.372349 0.400280 0.372349 0.400280 0.408995 0.317866 0.408995
11 0.292584 0.791102 0.372748 0.803857 0.359999 0.839503 0.279836 0.826748
3 0.145867 0.427653 0.247158 0.436418 0.239328 0.481425 0.138034 0.472657
13 0.144057 0.473145 0.239661 0.483211 0.232511 0.525697 0.136909 0.515628
2 0.766889 0.419738 0.868717 0.403062 0.880224 0.447909 0.778397 0.464586
12 0.784341 0.464088 0.880519 0.447436 0.892977 0.489870 0.796800 0.506520
1 0.362341 0.377779 0.612077 0.377779 0.612077 0.488827 0.362341 0.488827
15 0.273737 0.851721 0.355202 0.860038 0.346888 0.896263 0.265424 0.887945
10 0.621242 0.799832 0.698882 0.799702 0.699011 0.834225 0.621372 0.834355
14 0.616334 0.866026 0.698747 0.866026 0.698747 0.902671 0.616334 0.902671
9 0.108536 0.802334 0.190287 0.795374 0.197244 0.831725 0.115492 0.838684
8 0.794525 0.796363 0.875925 0.804953 0.867337 0.841149 0.785937 0.832559
16 0.590533 0.408516 0.672946 0.408516 0.672946 0.445162 0.590533 0.445162
