4 0.598562 0.381657 0.681062 0.381657 0.681062 0.418366 0.598562 0.418366
5 0.330029 0.378199 0.412529 0.378199 0.412529 0.414908 0.330029 0.414908
11 0.302395 0.815657 0.384895 0.815657 0.384895 0.852364 0.302395 0.852364
3 0.146110 0.419259 0.250100 0.427905 0.242420 0.474136 0.138429 0.465489
2 0.746849 0.432637 0.849802 0.418992 0.858300 0.464213 0.755348 0.477860
1 0.377376 0.369601 0.627376 0.369601 0.627376 0.480837 0.377376 0.480837
15 0.301943 0.879630 0.384443 0.879630 0.384443 0.916338 0.301943 0.916338
10 0.613000 0.813325 0.690721 0.813195 0.690851 0.847776 0.613130 0.847906
14 0.619938 0.875684 0.704639 0.875684 0.704639 0.913370 0.619938 0.913370
9 0.155590 0.803650 0.233159 0.784899 0.251889 0.819413 0.174320 0.838164
8 0.769307 0.809348 0.851330 0.815259 0.845426 0.851754 0.763403 0.845844
16 0.600191 0.409174 0.682691 0.409174 0.682691 0.445883 0.600191 0.445883
