4 0.587679 0.375133 0.669914 0.375133 0.669914 0.411717 0.587679 0.411717
5 0.317428 0.373410 0.399663 0.373410 0.399663 0.409994 0.317428 0.409994
11 0.284717 0.807975 0.366952 0.807975 0.366952 0.844558 0.284717 0.844558
3 0.127723 0.421729 0.228796 0.430479 0.220983 0.475410 0.119907 0.466656
13 0.120753 0.472313 0.216150 0.482362 0.209016 0.524776 0.113621 0.514724
2 0.726511 0.429336 0.828119 0.412688 0.839601 0.457459 0.737994 0.474108
12 0.741422 0.475386 0.837391 0.458762 0.849822 0.501124 0.753854 0.517746
1 0.359380 0.373714 0.608577 0.373714 0.608577 0.484575 0.359380 0.484575
15 0.281948 0.862545 0.364180 0.863068 0.363656 0.899651 0.281425 0.899127
10 0.635643 0.805340 0.713114 0.805210 0.713244 0.839674 0.635772 0.839804
14 0.635909 0.864529 0.718144 0.864529 0.718144 0.901112 0.635909 0.901112
9 0.126627 0.799222 0.208201 0.792273 0.215143 0.828563 0.133567 0.835511
8 0.803386 0.758796 0.884610 0.767372 0.876041 0.803506 0.794817 0.794930
16 0.591986 0.412829 0.674221 0.412829 0.674221 0.449412 0.591986 0.449412
