4 0.623904 0.372302 0.706584 0.372302 0.706584 0.409053 0.623904 0.409053
5 0.344401 0.367110 0.427081 0.367110 0.427081 0.403860 0.344401 0.403860
11 0.322329 0.775209 0.404999 0.776059 0.404150 0.812805 0.321479 0.811955
3 0.148477 0.426033 0.250097 0.434823 0.242242 0.479957 0.140619 0.471164
13 0.146662 0.471653 0.242575 0.481748 0.235403 0.524354 0.139491 0.514256
2 0.763487 0.416312 0.865646 0.399589 0.877190 0.444563 0.775033 0.461288
1 0.383748 0.363795 0.634294 0.363795 0.634294 0.475158 0.383748 0.475158
10 0.630586 0.778493 0.708477 0.778363 0.708607 0.812983 0.630716 0.813114
14 0.636047 0.829138 0.718727 0.829138 0.718727 0.865887 0.636047 0.865887
9 0.122689 0.810619 0.203871 0.800168 0.214321 0.836252 0.133138 0.846702
8 0.786256 0.790594 0.867920 0.799208 0.859304 0.835506 0.777640 0.826892
15 0.327003 0.830658 0.409684 0.830658 0.409684 0.867408 0.327003 0.867408
16 0.627017 0.405179 0.709697 0.405179 0.709697 0.441928 0.627017 0.441928
