4 0.585253 0.384745 0.668304 0.384745 0.668304 0.421683 0.585253 0.421683
5 0.322749 0.384746 0.405801 0.384746 0.405801 0.421684 0.322749 0.421684
11 0.289714 0.790143 0.372766 0.790143 0.372766 0.827080 0.289714 0.827080
3 0.153400 0.403374 0.250680 0.425816 0.229185 0.469175 0.131902 0.446730
2 0.752596 0.408428 0.852295 0.385076 0.870392 0.429319 0.770695 0.452673
1 0.359033 0.368764 0.610706 0.368764 0.610706 0.480697 0.359033 0.480697
15 0.292290 0.847137 0.375339 0.847666 0.374809 0.884602 0.291761 0.884074
10 0.633693 0.789537 0.711934 0.789406 0.712065 0.824204 0.633824 0.824335
14 0.631353 0.848930 0.714405 0.848930 0.714405 0.885868 0.631353 0.885868
16 0.584999 0.425538 0.668051 0.425538 0.668051 0.462476 0.584999 0.462476
