4 0.599288 0.393544 0.684000 0.393544 0.684000 0.431233 0.599288 0.431233
5 0.384740 0.388218 0.469452 0.388218 0.469452 0.425907 0.384740 0.425907
11 0.324443 0.791204 0.409155 0.791204 0.409155 0.828892 0.324443 0.828892
1 0.401274 0.391063 0.657976 0.391063 0.657976 0.505272 0.401274 0.505272
15 0.311751 0.851826 0.395839 0.858675 0.388996 0.896086 0.304909 0.889237
10 0.624755 0.792361 0.704560 0.792227 0.704693 0.827732 0.624888 0.827866
6 0.580188 0.314892 0.628287 0.268356 0.674776 0.289755 0.626676 0.336292
7 0.457209 0.268399 0.507851 0.313717 0.462580 0.336248 0.411935 0.290930
14 0.622368 0.849787 0.707079 0.849787 0.707079 0.887475 0.622368 0.887475
16 0.595121 0.436038 0.679833 0.436038 0.679833 0.473726 0.595121 0.473726
