4 0.595450 0.408597 0.677860 0.408597 0.677860 0.445243 0.595450 0.445243
5 0.301330 0.408597 0.383741 0.408597 0.383741 0.445243 0.301330 0.445243
11 0.273882 0.862887 0.356293 0.862887 0.356293 0.899533 0.273882 0.899533
2 0.746164 0.433598 0.849006 0.419977 0.857494 0.465120 0.754654 0.478744
12 0.758364 0.478006 0.855564 0.464258 0.865147 0.507022 0.767948 0.520770
1 0.364153 0.410317 0.613882 0.410317 0.613882 0.521365 0.364153 0.521365
15 0.268098 0.919535 0.350509 0.919535 0.350509 0.956182 0.268098 0.956182
10 0.635673 0.864117 0.713310 0.863987 0.713440 0.898509 0.635803 0.898639
6 0.562860 0.334809 0.589497 0.282791 0.641489 0.294636 0.614852 0.346654
7 0.387600 0.281744 0.429355 0.329133 0.381990 0.347702 0.340232 0.300311
14 0.641193 0.919536 0.723604 0.919536 0.723604 0.956182 0.641193 0.956182
16 0.592204 0.435055 0.674615 0.435055 0.674615 0.471701 0.592204 0.471701
