4 0.549724 0.390999 0.632501 0.390999 0.632501 0.427770 0.549724 0.427770
5 0.290688 0.389266 0.373464 0.389266 0.373464 0.426037 0.290688 0.426037
11 0.288955 0.803218 0.371731 0.803218 0.371731 0.839988 0.288955 0.839988
3 0.136859 0.416922 0.241344 0.424758 0.234462 0.471126 0.129977 0.463289
13 0.130136 0.462153 0.220874 0.468838 0.216926 0.509035 0.126189 0.502347
2 0.712405 0.414432 0.806534 0.382960 0.832824 0.425118 0.738696 0.456592
12 0.743372 0.451090 0.832608 0.421308 0.858190 0.461205 0.768955 0.490987
1 0.327717 0.380807 0.578555 0.380807 0.578555 0.492233 0.327717 0.492233
15 0.283302 0.856910 0.366079 0.856910 0.366079 0.893680 0.283302 0.893680
8 0.666518 0.639511 0.711226 0.685930 0.664782 0.705789 0.620076 0.659369
14 0.619731 0.865674 0.702039 0.865674 0.702039 0.902237 0.619731 0.902237
10 0.611266 0.810145 0.694042 0.810145 0.694042 0.846916 0.611266 0.846916
9 0.158737 0.659582 0.208086 0.615300 0.252392 0.637222 0.203043 0.681504
16 0.552577 0.424812 0.635353 0.424812 0.635353 0.461583 0.552577 0.461583
