4 0.592756 0.394462 0.675443 0.394462 0.675443 0.431233 0.592756 0.431233
5 0.331407 0.392731 0.414094 0.392731 0.414094 0.429501 0.331407 0.429501
11 0.306386 0.812297 0.389072 0.812297 0.389072 0.849067 0.306386 0.849067
3 0.153455 0.398245 0.251335 0.418495 0.232025 0.462094 0.134142 0.441841
2 0.748978 0.411109 0.848237 0.387863 0.866255 0.431905 0.766996 0.455154
15 0.303600 0.859902 0.386284 0.860429 0.385757 0.897198 0.303074 0.896671
10 0.646177 0.807811 0.724074 0.807681 0.724204 0.842321 0.646307 0.842451
14 0.646442 0.869035 0.729129 0.869035 0.729129 0.905805 0.646442 0.905805
1 0.364461 0.387527 0.615026 0.387527 0.615026 0.498953 0.364461 0.498953
16 0.594593 0.431470 0.677279 0.431470 0.677279 0.468241 0.594593 0.468241
