4 0.595971 0.408263 0.678471 0.408263 0.678471 0.444930 0.595971 0.444930
5 0.301532 0.408263 0.384032 0.408263 0.384032 0.444930 0.301532 0.444930
11 0.274054 0.862810 0.356554 0.862810 0.356554 0.899476 0.274054 0.899476
2 0.746849 0.433278 0.849802 0.419649 0.858300 0.464818 0.755348 0.478450
12 0.759062 0.477711 0.856368 0.463955 0.865961 0.506743 0.768656 0.520499
1 0.356416 0.409984 0.606416 0.409984 0.606416 0.521095 0.356416 0.521095
15 0.268264 0.919490 0.350764 0.919490 0.350764 0.956157 0.268264 0.956157
10 0.636238 0.864040 0.713959 0.863910 0.714089 0.898452 0.636368 0.898582
6 0.563346 0.334433 0.590012 0.282386 0.642060 0.294237 0.615394 0.346285
7 0.387895 0.281338 0.429696 0.328754 0.382279 0.347333 0.340476 0.299916
14 0.641764 0.919491 0.724264 0.919491 0.724264 0.956157 0.641764 0.956157
16 0.597701 0.436395 0.680201 0.436395 0.680201 0.473062 0.597701 0.473062
