4 0.543324 0.401355 0.625824 0.401355 0.625824 0.438022 0.543324 0.438022
5 0.311061 0.397901 0.393561 0.397901 0.393561 0.434568 0.311061 0.434568
11 0.267883 0.829681 0.350383 0.829681 0.350383 0.866347 0.267883 0.866347
3 0.151134 0.414417 0.254052 0.427576 0.241850 0.473320 0.138931 0.460160
13 0.142575 0.467674 0.231375 0.480890 0.220893 0.520447 0.132094 0.507229
2 0.727880 0.402190 0.830833 0.388561 0.839331 0.433730 0.736379 0.447362
12 0.741031 0.452081 0.839102 0.440998 0.846054 0.484012 0.747984 0.495096
1 0.337604 0.408099 0.587604 0.408099 0.587604 0.519210 0.337604 0.519210
15 0.273003 0.876051 0.355503 0.876051 0.355503 0.912718 0.273003 0.912718
8 0.759802 0.815484 0.842046 0.819812 0.837718 0.856364 0.755474 0.852035
14 0.598556 0.877587 0.680481 0.874772 0.683297 0.911183 0.601372 0.913998
10 0.601804 0.825626 0.679525 0.825496 0.679655 0.860038 0.601934 0.860168
9 0.131820 0.801735 0.214214 0.798950 0.216998 0.835571 0.134603 0.838355
6 0.493062 0.275479 0.573167 0.262322 0.586324 0.297924 0.506219 0.311081
7 0.380251 0.262575 0.456264 0.283952 0.434887 0.317736 0.358873 0.296359
16 0.547079 0.434736 0.629579 0.434736 0.629579 0.471403 0.547079 0.471403
