4 0.593581 0.363287 0.676257 0.363287 0.676257 0.400058 0.593581 0.400058
5 0.301110 0.359823 0.383786 0.359823 0.383786 0.396593 0.301110 0.396593
11 0.286006 0.820324 0.368681 0.820324 0.368681 0.857094 0.286006 0.857094
13 0.132335 0.448439 0.221088 0.462380 0.209894 0.501966 0.121142 0.488022
2 0.734004 0.394196 0.836818 0.379375 0.846472 0.424571 0.743659 0.439394
12 0.750654 0.438483 0.846813 0.420955 0.860124 0.463422 0.763968 0.480950
1 0.361381 0.356089 0.611913 0.356089 0.611913 0.467515 0.361381 0.467515
15 0.288384 0.855911 0.371060 0.855911 0.371060 0.892682 0.288384 0.892682
8 0.784307 0.804428 0.864874 0.816803 0.852507 0.852636 0.771939 0.840259
14 0.626999 0.857539 0.709207 0.857539 0.709207 0.894101 0.626999 0.894101
10 0.626411 0.823789 0.709087 0.823789 0.709087 0.860560 0.626411 0.860560
9 0.135721 0.818805 0.216124 0.805962 0.228958 0.841722 0.148556 0.854565
3 0.147034 0.408582 0.228184 0.419128 0.217645 0.455220 0.136495 0.444674
16 0.600405 0.388199 0.683081 0.388199 0.683081 0.424970 0.600405 0.424970
