4 0.575985 0.350275 0.658305 0.350275 0.658305 0.386901 0.575985 0.386901
5 0.318379 0.352001 0.400699 0.352001 0.400699 0.388627 0.318379 0.388627
11 0.303809 0.775189 0.386129 0.775189 0.386129 0.811814 0.303809 0.811814
3 0.163232 0.396005 0.262856 0.410689 0.249120 0.455034 0.149493 0.440348
13 0.151335 0.444105 0.245932 0.461270 0.231722 0.503545 0.137127 0.486378
2 0.738132 0.401366 0.833529 0.372516 0.857163 0.415166 0.761769 0.444018
12 0.761611 0.441564 0.853662 0.416793 0.874197 0.457778 0.782147 0.482547
1 0.362647 0.357638 0.612102 0.357638 0.612102 0.468623 0.362647 0.468623
15 0.298372 0.826160 0.380690 0.826685 0.380165 0.863308 0.297849 0.862784
10 0.623999 0.770617 0.701550 0.770487 0.701680 0.804990 0.624128 0.805120
14 0.634604 0.833323 0.716924 0.833323 0.716924 0.869948 0.634604 0.869948
9 0.131640 0.785673 0.213896 0.787843 0.211729 0.824439 0.129473 0.822270
8 0.740227 0.621346 0.766672 0.673372 0.714700 0.685138 0.688255 0.633112
16 0.575026 0.385642 0.657346 0.385642 0.657346 0.422268 0.575026 0.422268
