4 0.600138 0.397901 0.682638 0.397901 0.682638 0.434568 0.600138 0.434568
5 0.334195 0.396173 0.416695 0.396173 0.416695 0.432840 0.334195 0.432840
11 0.311743 0.805501 0.394243 0.805501 0.394243 0.842167 0.311743 0.842167
3 0.154973 0.418570 0.259109 0.426384 0.252250 0.472621 0.148114 0.464806
13 0.150047 0.467467 0.239881 0.477085 0.233000 0.516992 0.143166 0.507371
2 0.738421 0.443088 0.841668 0.430485 0.849153 0.475735 0.745907 0.488340
12 0.747800 0.489612 0.845215 0.476201 0.854467 0.519022 0.757053 0.532433
1 0.381699 0.401190 0.631699 0.401190 0.631699 0.512301 0.381699 0.512301
15 0.306109 0.864222 0.388609 0.864222 0.388609 0.900889 0.306109 0.900889
8 0.762733 0.807912 0.843979 0.817465 0.834426 0.853574 0.753179 0.844020
14 0.641414 0.866054 0.723447 0.866054 0.723447 0.902513 0.641414 0.902513
10 0.638158 0.810682 0.720658 0.810682 0.720658 0.847349 0.638158 0.847349
9 0.146501 0.797463 0.227383 0.786624 0.238222 0.822572 0.157340 0.833411
16 0.601867 0.428098 0.684367 0.428098 0.684367 0.464764 0.601867 0.464764
