4 0.580281 0.397925 0.663061 0.397925 0.663061 0.434696 0.580281 0.434696
5 0.352430 0.394462 0.435210 0.394462 0.435210 0.431233 0.352430 0.431233
11 0.298708 0.807101 0.381488 0.807101 0.381488 0.843871 0.298708 0.843871
3 0.152443 0.406077 0.249404 0.428417 0.227979 0.471580 0.131015 0.449237
2 0.749675 0.411109 0.849047 0.387862 0.867085 0.431904 0.767714 0.455153
1 0.371029 0.385584 0.621877 0.385584 0.621877 0.497010 0.371029 0.497010
15 0.295920 0.865307 0.378696 0.865834 0.378168 0.902603 0.295393 0.902076
10 0.644081 0.813269 0.722065 0.813139 0.722196 0.847779 0.644211 0.847909
14 0.644426 0.865570 0.727206 0.865570 0.727206 0.902340 0.644426 0.902340
16 0.577631 0.431469 0.660411 0.431469 0.660411 0.468240 0.577631 0.468240
