4 0.595450 0.408597 0.677861 0.408597 0.677861 0.445243 0.595450 0.445243
5 0.301330 0.408597 0.383741 0.408597 0.383741 0.445243 0.301330 0.445243
11 0.273882 0.862887 0.356293 0.862887 0.356293 0.899533 0.273882 0.899533
2 0.746165 0.433598 0.849006 0.419977 0.857495 0.465120 0.754655 0.478744
12 0.758365 0.478006 0.855565 0.464258 0.865148 0.507022 0.767948 0.520770
1 0.361487 0.410317 0.611216 0.410317 0.611216 0.521365 0.361487 0.521365
15 0.268099 0.919535 0.350509 0.919535 0.350509 0.956182 0.268099 0.956182
10 0.635674 0.864117 0.713311 0.863987 0.713441 0.898509 0.635804 0.898639
6 0.562861 0.334809 0.589498 0.282791 0.641490 0.294636 0.614852 0.346654
7 0.387600 0.281744 0.429356 0.329133 0.381990 0.347702 0.340232 0.300311
14 0.641194 0.919536 0.723604 0.919536 0.723604 0.956182 0.641194 0.956182
16 0.597179 0.436713 0.679589 0.436713 0.679589 0.473360 0.597179 0.473360
