4 0.547401 0.369170 0.631644 0.369170 0.631644 0.406620 0.547401 0.406620
5 0.320816 0.370934 0.405058 0.370934 0.405058 0.408384 0.320816 0.408384
11 0.293311 0.781292 0.372579 0.788647 0.365227 0.823884 0.285959 0.816531
3 0.184788 0.415432 0.288975 0.419957 0.285399 0.466196 0.181209 0.461670
13 0.186054 0.460310 0.284945 0.462308 0.285896 0.505994 0.187007 0.503994
2 0.709747 0.394646 0.806902 0.384493 0.812282 0.427004 0.715127 0.437158
12 0.716834 0.439696 0.816423 0.426384 0.825489 0.470157 0.725901 0.483466
1 0.347680 0.373115 0.602959 0.373115 0.602959 0.486598 0.347680 0.486598
10 0.598597 0.785221 0.677188 0.777858 0.684550 0.812795 0.605958 0.820158
14 0.607311 0.825187 0.691554 0.825187 0.691554 0.862636 0.607311 0.862636
9 0.172286 0.779927 0.246417 0.788458 0.237885 0.821413 0.163755 0.812879
8 0.754509 0.751049 0.835320 0.750863 0.835504 0.786788 0.754692 0.786974
15 0.281767 0.828608 0.366009 0.828608 0.366009 0.866058 0.281767 0.866058
16 0.551030 0.404022 0.635273 0.404022 0.635273 0.441472 0.551030 0.441472
