4 0.616928 0.351373 0.699171 0.351373 0.699171 0.387937 0.616928 0.387937
5 0.338903 0.353096 0.421146 0.353096 0.421146 0.389660 0.338903 0.389660
11 0.298442 0.797437 0.380685 0.797437 0.380685 0.834000 0.298442 0.834000
3 0.150946 0.382152 0.245116 0.408167 0.220020 0.450162 0.125848 0.424145
13 0.126904 0.429083 0.218865 0.451553 0.199299 0.492790 0.107340 0.470318
2 0.765842 0.409911 0.866824 0.391631 0.879935 0.436177 0.778955 0.454459
12 0.776863 0.455181 0.873801 0.441264 0.883562 0.483913 0.786625 0.497828
1 0.385869 0.363369 0.635090 0.363369 0.635090 0.474167 0.385869 0.474167
15 0.300838 0.855732 0.383078 0.856255 0.382553 0.892817 0.300314 0.892293
10 0.633907 0.789950 0.711386 0.789821 0.711515 0.824265 0.634036 0.824395
14 0.639336 0.852549 0.721579 0.852549 0.721579 0.889111 0.639336 0.889111
9 0.141630 0.756575 0.218627 0.737299 0.237896 0.771529 0.160898 0.790806
8 0.812204 0.800115 0.893354 0.809024 0.884450 0.845102 0.803297 0.836194
16 0.620125 0.388336 0.702368 0.388336 0.702368 0.424899 0.620125 0.424899
