4 0.595929 0.350642 0.678239 0.350642 0.678239 0.387247 0.595929 0.387247
5 0.338355 0.352367 0.420665 0.352367 0.420665 0.388972 0.338355 0.388972
11 0.282354 0.778243 0.364664 0.778243 0.364664 0.814847 0.282354 0.814847
3 0.157381 0.396346 0.256993 0.411021 0.243258 0.455341 0.143644 0.440664
2 0.726870 0.409245 0.827934 0.390944 0.841056 0.435541 0.739994 0.453844
12 0.743070 0.449393 0.840086 0.435461 0.849855 0.478157 0.752839 0.492088
1 0.383556 0.348337 0.632979 0.348337 0.632979 0.459260 0.383556 0.459260
15 0.282166 0.833155 0.364473 0.833679 0.363948 0.870282 0.281643 0.869758
10 0.612921 0.774195 0.690462 0.774065 0.690592 0.808548 0.613050 0.808678
14 0.610601 0.838590 0.692911 0.838590 0.692911 0.875194 0.610601 0.875194
9 0.164255 0.785333 0.246373 0.781584 0.250119 0.818103 0.168001 0.821852
8 0.757572 0.779636 0.839638 0.783854 0.835424 0.820350 0.753357 0.816134
16 0.602421 0.384332 0.684731 0.384332 0.684731 0.420936 0.602421 0.420936
