4 0.595450 0.408597 0.677861 0.408597 0.677861 0.445243 0.595450 0.445243
5 0.301330 0.408597 0.383741 0.408597 0.383741 0.445243 0.301330 0.445243
11 0.268550 0.852217 0.350961 0.852217 0.350961 0.888863 0.268550 0.888863
2 0.746165 0.433598 0.849006 0.419977 0.857495 0.465120 0.754655 0.478744
12 0.758365 0.478006 0.855565 0.464258 0.865148 0.507022 0.767948 0.520770
1 0.361487 0.410317 0.611216 0.410317 0.611216 0.521365 0.361487 0.521365
15 0.268099 0.919535 0.350509 0.919535 0.350509 0.956182 0.268099 0.956182
10 0.638340 0.849890 0.715977 0.849760 0.716107 0.884282 0.638470 0.884412
6 0.562861 0.334809 0.589498 0.282791 0.641490 0.294636 0.614852 0.346654
7 0.387600 0.281744 0.429356 0.329133 0.381990 0.347702 0.340232 0.300311
14 0.641194 0.919536 0.723604 0.919536 0.723604 0.956182 0.641194 0.956182
16 0.594692 0.435055 0.677103 0.435055 0.677103 0.471701 0.594692 0.471701
