4 0.605944 0.369554 0.688536 0.369554 0.688536 0.406262 0.605944 0.406262
5 0.342299 0.373013 0.424891 0.373013 0.424891 0.409721 0.342299 0.409721
11 0.309446 0.800094 0.392039 0.800094 0.392039 0.836802 0.309446 0.836802
3 0.162754 0.409640 0.258197 0.434306 0.234452 0.476840 0.139006 0.452173
2 0.753063 0.408985 0.854701 0.391199 0.867306 0.435993 0.765670 0.453781
1 0.384042 0.374892 0.634321 0.374892 0.634321 0.486128 0.384042 0.486128
15 0.301477 0.868994 0.384067 0.869520 0.383540 0.906226 0.300952 0.905700
10 0.640991 0.801484 0.718799 0.801354 0.718929 0.835935 0.641122 0.836065
14 0.641414 0.853696 0.724006 0.853696 0.724006 0.890403 0.641414 0.890403
16 0.602510 0.438718 0.685103 0.438718 0.685103 0.475426 0.602510 0.475426
