4 0.625018 0.373012 0.707606 0.373012 0.707606 0.409721 0.625018 0.409721
5 0.330265 0.371283 0.412853 0.371283 0.412853 0.407992 0.330265 0.407992
11 0.315920 0.777505 0.398498 0.778354 0.397649 0.815059 0.315071 0.814210
3 0.138072 0.406034 0.233281 0.431090 0.209145 0.473527 0.113935 0.448468
2 0.772461 0.418753 0.874506 0.402049 0.886037 0.446972 0.783993 0.463678
10 0.629098 0.772089 0.706902 0.771959 0.707032 0.806540 0.629228 0.806670
14 0.631490 0.817279 0.714078 0.817279 0.714078 0.853987 0.631490 0.853987
9 0.149980 0.737634 0.226324 0.716629 0.247327 0.750562 0.170982 0.771566
8 0.784595 0.802934 0.866168 0.811539 0.857562 0.847796 0.775989 0.839191
15 0.315637 0.820737 0.398225 0.820737 0.398225 0.857446 0.315637 0.857446
16 0.628127 0.407512 0.710715 0.407512 0.710715 0.444221 0.628127 0.444221
1 0.370718 0.372561 0.620984 0.372561 0.620984 0.483797 0.370718 0.483797
