4 0.558868 0.387538 0.641368 0.387538 0.641368 0.424205 0.558868 0.424205
5 0.308470 0.387538 0.390970 0.387538 0.390970 0.424205 0.308470 0.424205
11 0.278245 0.807229 0.360745 0.807229 0.360745 0.843895 0.278245 0.843895
2 0.727880 0.402190 0.830833 0.388561 0.839331 0.433730 0.736379 0.447362
12 0.742684 0.450077 0.839990 0.436321 0.849583 0.479109 0.752278 0.492865
1 0.350009 0.392921 0.600009 0.392921 0.600009 0.504032 0.350009 0.504032
15 0.282974 0.864222 0.365474 0.864222 0.365474 0.900889 0.282974 0.900889
10 0.606985 0.799719 0.684706 0.799589 0.684836 0.834131 0.607115 0.834261
6 0.477491 0.267361 0.550937 0.242311 0.575988 0.274953 0.502542 0.300004
7 0.368123 0.243359 0.433729 0.276705 0.400383 0.305864 0.334775 0.272518
14 0.617614 0.860769 0.700114 0.860769 0.700114 0.897435 0.617614 0.897435
16 0.562016 0.414821 0.644516 0.414821 0.644516 0.451487 0.562016 0.451487
