4 0.601465 0.379227 0.684144 0.379227 0.684144 0.415977 0.601465 0.415977
5 0.321962 0.380957 0.404641 0.380957 0.404641 0.417707 0.321962 0.417707
11 0.294268 0.739281 0.376947 0.739281 0.376947 0.776030 0.294268 0.776030
3 0.134561 0.403405 0.238924 0.411236 0.232050 0.457578 0.127687 0.449745
13 0.132220 0.443757 0.222249 0.453397 0.215353 0.493394 0.125324 0.483751
2 0.758198 0.424051 0.858510 0.402938 0.874414 0.447316 0.774103 0.468432
1 0.363827 0.382576 0.614371 0.382576 0.614371 0.493938 0.363827 0.493938
15 0.293814 0.779095 0.376493 0.779095 0.376493 0.815845 0.293814 0.815845
14 0.627253 0.786123 0.709464 0.786123 0.709464 0.822664 0.627253 0.822664
10 0.621393 0.742744 0.704073 0.742744 0.704073 0.779494 0.621393 0.779494
7 0.410484 0.245037 0.456909 0.290651 0.411298 0.311287 0.364874 0.265672
6 0.576298 0.299002 0.610804 0.248908 0.660894 0.264245 0.626388 0.314339
16 0.602893 0.405179 0.685573 0.405179 0.685573 0.441928 0.602893 0.441928
