4 0.542111 0.365641 0.626353 0.365641 0.626353 0.403091 0.542111 0.403091
5 0.304944 0.367406 0.389186 0.367406 0.389186 0.404856 0.304944 0.404856
11 0.295244 0.792528 0.379487 0.792528 0.379487 0.829977 0.295244 0.829977
3 0.184716 0.383509 0.288320 0.392125 0.280660 0.438145 0.177050 0.429527
13 0.178632 0.437227 0.278057 0.446144 0.272156 0.490269 0.172733 0.481350
2 0.698140 0.390883 0.801882 0.374535 0.812986 0.420184 0.709245 0.436533
12 0.713789 0.438502 0.813084 0.424249 0.823082 0.467931 0.723788 0.482183
1 0.331969 0.369483 0.587248 0.369483 0.587248 0.482966 0.331969 0.482966
15 0.300344 0.829303 0.384583 0.829839 0.384046 0.867287 0.299808 0.866751
10 0.615055 0.783096 0.694418 0.782963 0.694551 0.818243 0.615188 0.818375
14 0.620617 0.827807 0.704859 0.827807 0.704859 0.865256 0.620617 0.865256
16 0.540863 0.405717 0.625105 0.405717 0.625105 0.443167 0.540863 0.443167
