4 0.594930 0.408931 0.677252 0.408931 0.677252 0.445556 0.594930 0.445556
5 0.301129 0.408931 0.383451 0.408931 0.383451 0.445556 0.301129 0.445556
11 0.273711 0.862965 0.356032 0.862965 0.356032 0.899589 0.273711 0.899589
2 0.745481 0.433918 0.848211 0.420304 0.856691 0.465422 0.753962 0.479039
12 0.757668 0.478300 0.854763 0.464560 0.864335 0.507300 0.767241 0.521040
1 0.361221 0.408872 0.610679 0.408872 0.610679 0.519858 0.361221 0.519858
15 0.267933 0.919581 0.350255 0.919581 0.350255 0.956206 0.267933 0.956206
10 0.635110 0.864193 0.712663 0.864064 0.712792 0.898567 0.635240 0.898696
6 0.562376 0.335184 0.588984 0.283196 0.640919 0.295034 0.614311 0.347023
7 0.387305 0.282149 0.429016 0.329512 0.381701 0.348070 0.339989 0.300706
14 0.640624 0.919582 0.722945 0.919582 0.722945 0.956206 0.640624 0.956206
16 0.596657 0.437031 0.678978 0.437031 0.678978 0.473657 0.596657 0.473657
