4 0.619974 0.352468 0.702030 0.352468 0.702030 0.388970 0.619974 0.388970
5 0.342583 0.354188 0.424639 0.354188 0.424639 0.390690 0.342583 0.390690
11 0.320252 0.787463 0.402308 0.787463 0.402308 0.823964 0.320252 0.823964
3 0.169212 0.392945 0.264646 0.416391 0.242137 0.458948 0.146700 0.435500
13 0.150578 0.440172 0.241833 0.463490 0.221420 0.504464 0.130167 0.481145
2 0.760585 0.422942 0.861337 0.404693 0.874418 0.449164 0.773668 0.467415
12 0.774158 0.462770 0.870875 0.448877 0.880614 0.491454 0.783898 0.505345
1 0.386788 0.355587 0.635441 0.355587 0.635441 0.466198 0.386788 0.466198
15 0.309758 0.849098 0.391810 0.849621 0.391287 0.886121 0.309236 0.885598
10 0.629185 0.779988 0.706487 0.779859 0.706616 0.814246 0.629314 0.814375
14 0.632024 0.845920 0.714080 0.845920 0.714080 0.882421 0.632024 0.882421
9 0.116857 0.784887 0.198811 0.782163 0.201533 0.818619 0.119578 0.821343
8 0.785961 0.783235 0.868016 0.783462 0.867791 0.819963 0.785735 0.819738
16 0.620689 0.389368 0.702744 0.389368 0.702744 0.425869 0.620689 0.425869
