4 0.529688 0.368017 0.614321 0.368017 0.614321 0.405640 0.529688 0.405640
5 0.302050 0.369788 0.386683 0.369788 0.386683 0.407411 0.302050 0.407411
11 0.265971 0.781469 0.350604 0.781469 0.350604 0.819092 0.265971 0.819092
2 0.683942 0.385354 0.790902 0.377076 0.794004 0.423742 0.687045 0.432024
12 0.699064 0.432002 0.798769 0.422013 0.804587 0.465704 0.704882 0.475693
1 0.329601 0.370208 0.586064 0.370208 0.586064 0.484218 0.329601 0.484218
15 0.269916 0.819530 0.354484 0.817332 0.356682 0.854926 0.272113 0.857125
8 0.716544 0.754541 0.801038 0.757768 0.797812 0.795330 0.713317 0.792100
14 0.573457 0.818940 0.656919 0.811753 0.664104 0.848855 0.580643 0.856042
10 0.567448 0.779860 0.651460 0.773043 0.658277 0.810390 0.574264 0.817208
16 0.529160 0.399555 0.613793 0.399555 0.613793 0.437178 0.529160 0.437178
