4 0.587870 0.374075 0.670283 0.374075 0.670283 0.410721 0.587870 0.410721
5 0.317033 0.372349 0.399447 0.372349 0.399447 0.408995 0.317033 0.408995
11 0.291751 0.791102 0.371915 0.803857 0.359166 0.839503 0.279002 0.826748
3 0.145034 0.427653 0.246325 0.436418 0.238495 0.481425 0.137201 0.472657
13 0.143224 0.473145 0.238828 0.483211 0.231678 0.525697 0.136076 0.515628
2 0.766056 0.419738 0.867885 0.403062 0.879392 0.447909 0.777564 0.464586
12 0.783509 0.464088 0.879686 0.447436 0.892144 0.489870 0.795968 0.506520
1 0.361507 0.376001 0.611244 0.376001 0.611244 0.487049 0.361507 0.487049
15 0.272904 0.851721 0.354369 0.860038 0.346055 0.896263 0.264591 0.887945
10 0.620410 0.799832 0.698049 0.799702 0.698179 0.834225 0.620540 0.834355
14 0.615501 0.866026 0.697914 0.866026 0.697914 0.902671 0.615501 0.902671
9 0.107703 0.802334 0.189454 0.795374 0.196410 0.831725 0.114659 0.838684
8 0.793692 0.796363 0.875092 0.804953 0.866504 0.841149 0.785104 0.832559
16 0.589700 0.408516 0.672113 0.408516 0.672113 0.445162 0.589700 0.445162
