4 0.618933 0.384669 0.703649 0.384669 0.703649 0.422358 0.618933 0.422358
5 0.361807 0.377566 0.446523 0.377566 0.446523 0.415256 0.361807 0.415256
11 0.309488 0.782327 0.394204 0.782327 0.394204 0.820015 0.309488 0.820015
3 0.194439 0.398094 0.300123 0.411620 0.287593 0.458639 0.181908 0.445112
13 0.183070 0.445627 0.274256 0.459212 0.263492 0.499871 0.172307 0.486285
2 0.728638 0.406830 0.834357 0.392821 0.843084 0.439249 0.737365 0.453261
12 0.736822 0.449235 0.837528 0.437843 0.844667 0.482056 0.743962 0.493449
1 0.405346 0.397032 0.662063 0.397032 0.662063 0.511241 0.405346 0.511241
15 0.298381 0.846235 0.383098 0.846235 0.383098 0.883924 0.298381 0.883924
14 0.648017 0.833916 0.732254 0.833916 0.732254 0.871391 0.648017 0.871391
10 0.647333 0.775225 0.732049 0.775225 0.732049 0.812914 0.647333 0.812914
9 0.150639 0.793474 0.234820 0.799820 0.228479 0.837272 0.144297 0.830926
7 0.449430 0.256728 0.519798 0.288209 0.488345 0.319515 0.417979 0.288033
6 0.568346 0.294775 0.644895 0.261615 0.678023 0.295668 0.601475 0.328830
16 0.619460 0.412156 0.704177 0.412156 0.704177 0.449845 0.619460 0.449845
