4 0.562075 0.351635 0.644478 0.351635 0.644478 0.388282 0.562075 0.388282
5 0.317146 0.356813 0.399549 0.356813 0.399549 0.393460 0.317146 0.393460
11 0.307658 0.803885 0.390061 0.803885 0.390061 0.840530 0.307658 0.840530
2 0.717950 0.385266 0.820782 0.371645 0.829270 0.416788 0.726439 0.430413
12 0.733673 0.431677 0.831629 0.420600 0.838573 0.463590 0.740618 0.474668
1 0.346168 0.367579 0.595874 0.367579 0.595874 0.478628 0.346168 0.478628
15 0.309794 0.840133 0.392197 0.840133 0.392197 0.876780 0.309794 0.876780
8 0.739484 0.774161 0.821632 0.778486 0.817309 0.815018 0.735161 0.810691
14 0.618108 0.844929 0.696939 0.830023 0.711837 0.865080 0.633006 0.879986
10 0.607712 0.806485 0.683074 0.794058 0.695493 0.827572 0.620132 0.839999
9 0.169681 0.800969 0.251287 0.793344 0.258908 0.829636 0.177301 0.837262
16 0.562328 0.377002 0.644731 0.377002 0.644731 0.413648 0.562328 0.413648
