4 0.594213 0.369910 0.676713 0.369910 0.676713 0.406598 0.594213 0.406598
5 0.320500 0.373367 0.403000 0.373367 0.403000 0.410055 0.320500 0.410055
11 0.287606 0.802248 0.370106 0.802248 0.370106 0.838935 0.287606 0.838935
3 0.154867 0.407421 0.251501 0.429711 0.230148 0.472776 0.133512 0.450484
2 0.750082 0.412441 0.849118 0.389247 0.867095 0.433190 0.768060 0.456386
1 0.365256 0.371527 0.615256 0.371527 0.615256 0.482701 0.365256 0.482701
15 0.287496 0.853515 0.369993 0.854041 0.369467 0.890726 0.286971 0.890201
10 0.621293 0.799867 0.699014 0.799737 0.699144 0.834298 0.621423 0.834428
16 0.590783 0.444220 0.673283 0.444220 0.673283 0.480908 0.590783 0.480908
14 0.613630 0.855297 0.696130 0.855297 0.696130 0.891984 0.613630 0.891984
