4 0.604396 0.383736 0.686896 0.383736 0.686896 0.420424 0.604396 0.420424
5 0.325499 0.383735 0.407999 0.383735 0.407999 0.420423 0.325499 0.420423
11 0.285148 0.807485 0.367648 0.807485 0.367648 0.844172 0.285148 0.844172
13 0.135023 0.471367 0.222901 0.487095 0.209906 0.526341 0.122030 0.510611
2 0.778199 0.418030 0.880795 0.403243 0.890428 0.448337 0.787833 0.463128
12 0.786364 0.464155 0.884296 0.452532 0.891776 0.495531 0.793845 0.507155
1 0.383287 0.379644 0.633287 0.379644 0.633287 0.490817 0.383287 0.490817
15 0.283180 0.855671 0.365592 0.858207 0.363059 0.894855 0.280646 0.892320
8 0.794716 0.794501 0.875112 0.806849 0.862771 0.842601 0.782374 0.830251
14 0.621886 0.853724 0.703919 0.853724 0.703919 0.890204 0.621886 0.890204
10 0.623968 0.796959 0.706468 0.796959 0.706468 0.833647 0.623968 0.833647
9 0.129397 0.802000 0.211897 0.801869 0.212028 0.838557 0.129528 0.838688
3 0.152194 0.426643 0.231130 0.442644 0.215138 0.477747 0.136202 0.461746
16 0.608513 0.416150 0.691013 0.416150 0.691013 0.452838 0.608513 0.452838
