4 0.611645 0.391517 0.692464 0.402215 0.681774 0.438160 0.600955 0.427462
5 0.390952 0.373650 0.471324 0.385755 0.459227 0.421502 0.378855 0.409397
11 0.315930 0.761312 0.393700 0.779469 0.375557 0.814057 0.297786 0.795900
3 0.189373 0.401637 0.293377 0.409447 0.286527 0.455658 0.182523 0.447847
13 0.184453 0.448779 0.274173 0.458392 0.267301 0.498276 0.177581 0.488661
1 0.419379 0.365905 0.666257 0.390797 0.641383 0.500598 0.394504 0.475706
15 0.302592 0.816188 0.381984 0.830891 0.367292 0.866202 0.287899 0.851499
8 0.712624 0.790058 0.794846 0.793625 0.791281 0.830193 0.709059 0.826625
10 0.576211 0.781444 0.658606 0.781444 0.658606 0.818091 0.576211 0.818091
9 0.175845 0.747268 0.258018 0.743223 0.262059 0.779770 0.179887 0.783814
14 0.581386 0.843585 0.663782 0.843585 0.663782 0.880232 0.581386 0.880232
16 0.598057 0.427104 0.679929 0.433287 0.673750 0.469701 0.591878 0.463517
