4 0.612204 0.391173 0.693126 0.401877 0.682422 0.437843 0.601500 0.427139
5 0.391230 0.373296 0.471705 0.385408 0.459592 0.421175 0.379118 0.409063
11 0.316113 0.761177 0.393982 0.779344 0.375816 0.813952 0.297946 0.795785
3 0.189395 0.401299 0.293531 0.409113 0.286672 0.455350 0.182536 0.447535
13 0.184469 0.448468 0.274303 0.458086 0.267422 0.497993 0.177588 0.488372
1 0.417024 0.374444 0.664217 0.399350 0.639311 0.509213 0.392118 0.484307
15 0.302758 0.816084 0.382251 0.830795 0.367540 0.866126 0.288046 0.851415
8 0.713312 0.789939 0.795638 0.793508 0.792069 0.830097 0.709742 0.826527
10 0.576725 0.781321 0.659225 0.781321 0.659225 0.817988 0.576725 0.817988
9 0.175850 0.747125 0.258127 0.743078 0.262173 0.779646 0.179897 0.783692
14 0.581907 0.843497 0.664407 0.843497 0.664407 0.880164 0.581907 0.880164
16 0.598599 0.426780 0.680575 0.432967 0.674388 0.469401 0.592412 0.463214
