4 0.596896 0.362999 0.679396 0.362999 0.679396 0.399687 0.596896 0.399687
5 0.325771 0.362998 0.408271 0.362998 0.408271 0.399686 0.325771 0.399686
11 0.311562 0.796329 0.394062 0.796329 0.394062 0.833016 0.311562 0.833016
2 0.770699 0.418030 0.873295 0.403243 0.882928 0.448337 0.780333 0.463128
12 0.788058 0.459121 0.884934 0.444065 0.895807 0.486740 0.798933 0.501797
1 0.381125 0.355973 0.631125 0.355973 0.631125 0.467147 0.381125 0.467147
15 0.304021 0.827182 0.386433 0.829718 0.383900 0.866366 0.301487 0.863831
8 0.794476 0.767343 0.873706 0.782683 0.858373 0.817917 0.779143 0.802573
14 0.649175 0.829033 0.730973 0.824894 0.735109 0.861270 0.653311 0.865408
10 0.633592 0.787149 0.715049 0.778428 0.723765 0.814652 0.642307 0.823373
9 0.152165 0.794856 0.231339 0.779386 0.246799 0.814595 0.167625 0.830064
3 0.127273 0.410444 0.207310 0.423791 0.193970 0.459384 0.113934 0.446036
16 0.596034 0.392903 0.678534 0.392903 0.678534 0.429591 0.596034 0.429591
