4 0.601676 0.348805 0.684264 0.348805 0.684264 0.385513 0.601676 0.385513
5 0.343233 0.350535 0.425821 0.350535 0.425821 0.387243 0.343233 0.387243
11 0.302603 0.769022 0.385190 0.769022 0.385190 0.805729 0.302603 0.805729
3 0.144342 0.390627 0.245096 0.402660 0.234000 0.447437 0.133243 0.435403
13 0.139070 0.432583 0.235471 0.445571 0.225443 0.488478 0.129042 0.475488
2 0.749283 0.399443 0.851516 0.383263 0.862530 0.428244 0.760297 0.444425
12 0.762732 0.441924 0.860484 0.429278 0.868976 0.472218 0.771225 0.484864
1 0.377506 0.350892 0.627772 0.350892 0.627772 0.462129 0.377506 0.462129
15 0.313337 0.827340 0.395922 0.827865 0.395395 0.864572 0.312812 0.864046
10 0.618726 0.771827 0.696530 0.771697 0.696660 0.806278 0.618857 0.806408
14 0.624177 0.838133 0.706765 0.838133 0.706765 0.874840 0.624177 0.874840
9 0.132752 0.823258 0.211358 0.806365 0.228249 0.841303 0.149643 0.858196
8 0.783475 0.813421 0.856862 0.821980 0.848305 0.854599 0.774917 0.846040
16 0.603206 0.385914 0.685794 0.385914 0.685794 0.422621 0.603206 0.422621
