4 0.601677 0.348805 0.684265 0.348805 0.684265 0.385514 0.601677 0.385514
5 0.343232 0.350535 0.425820 0.350535 0.425820 0.387244 0.343232 0.387244
11 0.302602 0.767241 0.385190 0.767241 0.385190 0.803948 0.302602 0.803948
3 0.154458 0.376261 0.249045 0.402344 0.223880 0.444513 0.129291 0.418429
13 0.130323 0.413000 0.222684 0.435532 0.203065 0.476939 0.110704 0.454405
2 0.764255 0.391151 0.868160 0.380724 0.873496 0.426162 0.769591 0.436589
12 0.779271 0.435297 0.877719 0.425335 0.883561 0.468471 0.785114 0.478433
1 0.382849 0.354456 0.633116 0.354456 0.633116 0.465692 0.382849 0.465692
15 0.302414 0.817122 0.384999 0.817648 0.384472 0.854354 0.301888 0.853829
10 0.639474 0.764911 0.717278 0.764781 0.717408 0.799362 0.639604 0.799492
14 0.647519 0.820843 0.730107 0.820843 0.730107 0.857550 0.647519 0.857550
9 0.150905 0.736805 0.229511 0.719912 0.246402 0.754849 0.167796 0.771742
8 0.783477 0.813421 0.856864 0.821980 0.848307 0.854599 0.774918 0.846040
16 0.603206 0.384252 0.685794 0.384252 0.685794 0.420961 0.603206 0.420961
