5 0.226349 0.405521 0.317233 0.407519 0.315236 0.447926 0.224351 0.445928
4 0.502475 0.435738 0.585350 0.435738 0.585350 0.472585 0.502475 0.472585
16 0.495980 0.431608 0.589185 0.431855 0.588938 0.473294 0.495733 0.473047
13 0.029167 0.478208 0.096430 0.487274 0.087367 0.522487 0.029167 0.513421
3 0.029167 0.482014 0.099021 0.491042 0.089996 0.527978 0.029167 0.518949
9 0.051732 0.844471 0.136708 0.823618 0.157554 0.861399 0.072578 0.882252
11 0.237876 0.864653 0.322811 0.864653 0.322811 0.902416 0.237876 0.902416
15 0.233003 0.900416 0.329217 0.900416 0.329217 0.943193 0.233003 0.943193
1 0.288510 0.437234 0.531518 0.437234 0.531518 0.545277 0.288510 0.545277
2 0.720213 0.448038 0.810580 0.440345 0.818271 0.480522 0.727903 0.488215
12 0.730697 0.486738 0.821292 0.479064 0.828962 0.519342 0.738368 0.527017
