4 0.563255 0.426447 0.649237 0.425512 0.650171 0.463754 0.564189 0.464688
2 0.744428 0.423095 0.820912 0.401504 0.842486 0.435521 0.766004 0.457111
3 0.037562 0.422942 0.125478 0.435175 0.113254 0.474277 0.025338 0.462045
13 0.021901 0.461012 0.106748 0.475679 0.092092 0.513416 0.007245 0.498749
8 0.710119 0.608744 0.750835 0.656410 0.703203 0.674520 0.662486 0.626853
9 0.083323 0.829727 0.165370 0.817128 0.177962 0.853619 0.095915 0.866218
11 0.257767 0.805130 0.327755 0.808483 0.324404 0.839611 0.254417 0.836257
15 0.245277 0.857563 0.315853 0.857563 0.315853 0.888953 0.245277 0.888953
10 0.565663 0.806419 0.640930 0.804847 0.642501 0.838323 0.567234 0.839895
1 0.336823 0.445556 0.555715 0.445556 0.555715 0.542910 0.336823 0.542910
16 0.555638 0.463913 0.652525 0.463913 0.652525 0.507006 0.555638 0.507006
12 0.769453 0.459701 0.845614 0.435230 0.870068 0.469103 0.793907 0.493574
