5 0.221683 0.369075 0.298767 0.363483 0.304357 0.397764 0.227273 0.403355
4 0.525497 0.400478 0.608135 0.400478 0.608135 0.437230 0.525497 0.437230
16 0.525376 0.401553 0.610730 0.401779 0.610504 0.439739 0.525150 0.439513
9 0.054436 0.789427 0.144203 0.782976 0.150647 0.822898 0.060880 0.829350
11 0.232820 0.781067 0.317513 0.781067 0.317513 0.818732 0.232820 0.818732
15 0.230582 0.820235 0.326521 0.820235 0.326521 0.862902 0.230582 0.862902
1 0.288551 0.394393 0.530865 0.394393 0.530865 0.502155 0.288551 0.502155
2 0.698878 0.424752 0.788141 0.413509 0.799382 0.453206 0.710119 0.464448
12 0.705358 0.457820 0.795693 0.450165 0.803342 0.490340 0.713007 0.497995
8 0.708892 0.763941 0.806158 0.768824 0.801272 0.812081 0.704006 0.807198
10 0.540853 0.780756 0.628533 0.780756 0.628533 0.819749 0.540853 0.819749
14 0.545939 0.819745 0.628439 0.819745 0.628439 0.856412 0.545939 0.856412
3 0.040671 0.451112 0.122264 0.459243 0.114134 0.495507 0.032540 0.487376
13 0.032830 0.484799 0.114361 0.493200 0.105961 0.529436 0.024429 0.521035
