4 0.524161 0.414715 0.609599 0.413786 0.610527 0.451764 0.525089 0.452692
2 0.706942 0.453944 0.787765 0.442830 0.798876 0.478757 0.718053 0.489869
3 0.033153 0.467000 0.120513 0.479148 0.108366 0.517981 0.030000 0.505833
13 0.030000 0.507150 0.104063 0.520281 0.090934 0.557993 0.030000 0.544861
9 0.055102 0.789077 0.136630 0.776564 0.149142 0.812804 0.067613 0.825316
11 0.233672 0.872694 0.303217 0.876024 0.299887 0.906938 0.230342 0.903607
15 0.231714 0.903853 0.301844 0.903853 0.301844 0.935027 0.231714 0.935027
1 0.309615 0.419750 0.527124 0.419750 0.527124 0.516434 0.309615 0.516434
16 0.523013 0.410629 0.616899 0.410629 0.616899 0.452363 0.523013 0.452363
12 0.723003 0.490239 0.806129 0.482188 0.814180 0.519138 0.731053 0.527189
5 0.246269 0.406696 0.334336 0.406696 0.334336 0.445842 0.246269 0.445842
8 0.684995 0.775874 0.775130 0.792911 0.758097 0.832977 0.667961 0.815940
