4 0.533770 0.398513 0.619229 0.397584 0.620158 0.435595 0.534698 0.436524
2 0.744300 0.431971 0.826184 0.425018 0.833131 0.461439 0.751248 0.468391
3 0.058326 0.410727 0.145708 0.422886 0.133557 0.461752 0.046175 0.449594
13 0.045375 0.450311 0.129706 0.464889 0.115139 0.502399 0.030808 0.487820
8 0.712073 0.782885 0.792260 0.793450 0.781704 0.829116 0.701515 0.818552
9 0.064595 0.788895 0.146144 0.776372 0.158658 0.812642 0.077110 0.825166
11 0.243209 0.822003 0.312772 0.825336 0.309441 0.856276 0.239879 0.852942
15 0.236023 0.877609 0.306170 0.877609 0.306170 0.908809 0.236023 0.908809
1 0.347927 0.429715 0.565489 0.429715 0.565489 0.526482 0.347927 0.526482
16 0.528813 0.400869 0.625111 0.400869 0.625111 0.443702 0.528813 0.443702
12 0.756188 0.467125 0.839335 0.459068 0.847388 0.496049 0.764240 0.504107
5 0.263651 0.393975 0.351740 0.393975 0.351740 0.433155 0.263651 0.433155
