4 0.564367 0.427936 0.650128 0.427003 0.651060 0.465146 0.565299 0.466078
2 0.745077 0.424592 0.821364 0.403057 0.842883 0.436986 0.766597 0.458520
3 0.040020 0.424440 0.127711 0.436641 0.115518 0.475641 0.027827 0.463441
13 0.024400 0.462411 0.109029 0.477040 0.094410 0.514679 0.009781 0.500050
8 0.710855 0.609759 0.751466 0.657302 0.703957 0.675364 0.663344 0.627821
9 0.085665 0.830169 0.167501 0.817602 0.180060 0.853998 0.098223 0.866565
11 0.259662 0.805636 0.329471 0.808980 0.326127 0.840027 0.256320 0.836682
15 0.247204 0.857932 0.317599 0.857932 0.317599 0.889241 0.247204 0.889241
10 0.566769 0.806921 0.641843 0.805353 0.643410 0.838742 0.568336 0.840310
1 0.338515 0.446994 0.556846 0.446994 0.556846 0.544096 0.338515 0.544096
16 0.556770 0.465304 0.653409 0.465304 0.653409 0.508285 0.556770 0.508285
12 0.770037 0.461103 0.846003 0.436696 0.870394 0.470481 0.794428 0.494889
