4 0.496030 0.509780 0.576774 0.508903 0.577651 0.544771 0.496907 0.545647
2 0.678649 0.469475 0.755031 0.458979 0.765531 0.492910 0.689149 0.503404
3 0.019648 0.460410 0.102209 0.471884 0.090729 0.508558 0.008169 0.497085
13 0.007412 0.494471 0.087091 0.508227 0.073327 0.543622 0.000000 0.529865
9 0.032981 0.889672 0.110030 0.877854 0.121855 0.912080 0.044805 0.923897
11 0.219030 0.861664 0.284755 0.864809 0.281607 0.894004 0.215884 0.890859
15 0.207301 0.914133 0.273577 0.914133 0.273577 0.943575 0.207301 0.943575
1 0.298211 0.506306 0.503770 0.506306 0.503770 0.597617 0.298211 0.597617
16 0.491346 0.507065 0.582332 0.507065 0.582332 0.547483 0.491346 0.547483
12 0.688887 0.507045 0.767446 0.499442 0.775055 0.534339 0.696495 0.541942
5 0.243285 0.500560 0.326514 0.500560 0.326514 0.537531 0.243285 0.537531
14 0.503166 0.908410 0.580393 0.908410 0.580393 0.942715 0.503166 0.942715
10 0.493912 0.866111 0.563891 0.865055 0.564947 0.896140 0.494970 0.897197
