5 0.276136 0.400652 0.345153 0.400652 0.345153 0.431350 0.276136 0.431350
4 0.569872 0.428073 0.652426 0.428073 0.652426 0.464793 0.569872 0.464793
16 0.569874 0.430870 0.647901 0.430870 0.647901 0.465576 0.569874 0.465576
13 0.046453 0.454552 0.145677 0.461942 0.138291 0.506077 0.039069 0.498686
3 0.042231 0.488278 0.140737 0.496586 0.132439 0.540401 0.033933 0.532093
9 0.058573 0.839194 0.146288 0.825182 0.160291 0.864197 0.072575 0.878209
11 0.247385 0.835418 0.331991 0.835418 0.331991 0.873050 0.247385 0.873050
15 0.245149 0.897620 0.340990 0.897620 0.340990 0.940250 0.245149 0.940250
1 0.331702 0.408737 0.573767 0.408737 0.573767 0.516406 0.331702 0.516406
2 0.716755 0.446268 0.827224 0.436859 0.836625 0.485993 0.726156 0.495402
12 0.719664 0.483544 0.821545 0.474911 0.830171 0.520227 0.728290 0.528861
8 0.706081 0.810848 0.788581 0.810848 0.788581 0.847515 0.706081 0.847515
