4 0.641153 0.376350 0.729600 0.376350 0.729600 0.415660 0.641153 0.415660
5 0.318534 0.372799 0.414931 0.372799 0.414931 0.415642 0.318534 0.415642
9 0.119691 0.798293 0.214942 0.790403 0.222832 0.832736 0.127581 0.840628
8 0.797964 0.811827 0.890643 0.813714 0.888756 0.854906 0.796077 0.853018
3 0.119770 0.392585 0.209398 0.406006 0.195975 0.445842 0.106347 0.432419
13 0.100761 0.437664 0.193839 0.448650 0.182853 0.490019 0.090833 0.479033
12 0.797061 0.439382 0.897506 0.425808 0.907504 0.470450 0.810637 0.484025
4 0.776549 0.393121 0.882940 0.376598 0.899462 0.423882 0.793072 0.440406
10 0.602844 0.814024 0.705591 0.810613 0.709001 0.856279 0.606255 0.859689
11 0.300961 0.805669 0.395776 0.811783 0.389661 0.853923 0.294846 0.847809
14 0.611236 0.858173 0.703026 0.860591 0.700608 0.901386 0.608818 0.898969
15 0.293067 0.849281 0.392803 0.855241 0.386843 0.899568 0.287109 0.893609
1 0.388465 0.412806 0.634189 0.412806 0.634189 0.522017 0.388465 0.522017
16 0.635112 0.370095 0.735643 0.370095 0.735643 0.414776 0.635112 0.414776
