4 0.593767 0.345401 0.684985 0.345401 0.684985 0.385965 0.593767 0.385965
5 0.332840 0.343579 0.432257 0.343579 0.432257 0.387789 0.332840 0.387789
9 0.138350 0.769554 0.226028 0.766504 0.229078 0.805493 0.141398 0.808545
8 0.769005 0.791365 0.848042 0.792747 0.846662 0.827894 0.767624 0.826513
3 0.158224 0.411890 0.250661 0.425740 0.236818 0.466846 0.144381 0.452995
13 0.138107 0.458081 0.235265 0.469555 0.223798 0.512761 0.126639 0.501287
12 0.781167 0.468628 0.875812 0.459306 0.875812 0.505896 0.790487 0.515220
4 0.769197 0.419409 0.875812 0.409652 0.875812 0.459328 0.778948 0.469085
10 0.581874 0.785985 0.687840 0.782466 0.691358 0.829588 0.585392 0.833108
11 0.317477 0.784732 0.415263 0.791041 0.408957 0.834526 0.311171 0.828217
14 0.587951 0.829892 0.696119 0.829686 0.696325 0.877787 0.588157 0.877993
15 0.307689 0.828492 0.408180 0.834500 0.402175 0.879187 0.301685 0.873180
1 0.388392 0.390389 0.641816 0.390389 0.641816 0.503085 0.388392 0.503085
16 0.590660 0.347090 0.682571 0.347090 0.682571 0.387963 0.590660 0.387963
