5 0.296686 0.359367 0.395160 0.359367 0.395160 0.403123 0.296686 0.403123
4 0.608433 0.358415 0.695760 0.358415 0.695760 0.397216 0.608433 0.397216
2 0.809632 0.398143 0.902975 0.374317 0.926807 0.415791 0.833465 0.439617
12 0.836269 0.437078 0.932616 0.412927 0.956774 0.455736 0.860427 0.479887
3 0.086518 0.362144 0.184776 0.384123 0.162792 0.427782 0.064533 0.405803
13 0.063588 0.401758 0.164855 0.422053 0.144556 0.467049 0.043288 0.446754
10 0.589440 0.714084 0.689026 0.714084 0.689026 0.758333 0.589440 0.758333
11 0.296269 0.715860 0.395578 0.715860 0.395578 0.759987 0.296269 0.759987
9 0.104017 0.752525 0.203805 0.733857 0.222480 0.778195 0.122690 0.796864
8 0.774944 0.708243 0.885827 0.725194 0.868871 0.774463 0.757987 0.757511
1 0.382945 0.379975 0.597065 0.379975 0.597065 0.475114 0.382945 0.475114
16 0.613801 0.362515 0.690392 0.362515 0.690392 0.396546 0.613801 0.396546
