9 0.149949 0.841108 0.247511 0.820007 0.268595 0.863402 0.171033 0.884502
8 0.815767 0.777638 0.902290 0.770698 0.905813 0.809182 0.822701 0.816122
2 0.705920 0.438341 0.809724 0.421917 0.826135 0.468087 0.722333 0.484512
3 0.148307 0.431776 0.249660 0.444284 0.237161 0.489364 0.135809 0.476856
13 0.141556 0.477004 0.232932 0.488082 0.221863 0.528725 0.130487 0.517647
5 0.354053 0.404743 0.449628 0.392975 0.461386 0.435486 0.365811 0.447254
4 0.589566 0.382012 0.675446 0.368529 0.688918 0.406728 0.603037 0.420210
11 0.449021 0.815631 0.536639 0.809451 0.542815 0.848423 0.455198 0.854603
15 0.450657 0.868101 0.551192 0.861570 0.557717 0.906286 0.457182 0.912817
10 0.667755 0.790865 0.752645 0.772907 0.770590 0.810665 0.685699 0.828624
14 0.693312 0.839643 0.796178 0.819113 0.816694 0.864866 0.713827 0.885397
1 0.437536 0.437378 0.638236 0.416560 0.659037 0.505829 0.458338 0.526646
16 0.596332 0.379464 0.677640 0.369433 0.687663 0.405598 0.606355 0.415628
