4 0.574366 0.362053 0.663264 0.362053 0.663264 0.401585 0.574366 0.401585
5 0.309312 0.362073 0.406200 0.362073 0.406200 0.405158 0.309312 0.405158
9 0.160557 0.799292 0.240958 0.786718 0.253526 0.822471 0.173124 0.835047
8 0.748157 0.758127 0.823425 0.769127 0.812432 0.802598 0.737164 0.791599
3 0.155287 0.416079 0.245372 0.429577 0.231881 0.469637 0.151667 0.456139
13 0.151667 0.457505 0.235751 0.468687 0.224575 0.510794 0.151667 0.499611
12 0.755291 0.470322 0.847500 0.456671 0.847500 0.501565 0.768936 0.515217
4 0.745439 0.420209 0.847500 0.403593 0.847500 0.451145 0.762046 0.467762
10 0.578924 0.787839 0.682194 0.784409 0.685622 0.830333 0.582352 0.833763
11 0.286266 0.781232 0.381564 0.787381 0.375418 0.829759 0.280120 0.823610
14 0.579463 0.834219 0.684879 0.834018 0.685080 0.880896 0.579664 0.881097
15 0.279419 0.825674 0.377353 0.831529 0.371501 0.875079 0.273568 0.869225
1 0.366143 0.391534 0.613119 0.391534 0.613119 0.501363 0.366143 0.501363
16 0.563662 0.355499 0.657820 0.355499 0.657820 0.397371 0.563662 0.397371
