4 0.586254 0.355290 0.674598 0.355290 0.674598 0.394578 0.586254 0.394578
5 0.320177 0.357094 0.416462 0.357094 0.416462 0.399913 0.320177 0.399913
9 0.193403 0.737299 0.242774 0.693568 0.286477 0.715523 0.237108 0.759256
8 0.817804 0.754269 0.892603 0.765201 0.881678 0.798466 0.806879 0.787534
3 0.126994 0.403630 0.216517 0.417045 0.203110 0.456858 0.113587 0.443442
13 0.110682 0.445117 0.203651 0.456097 0.192678 0.497442 0.100833 0.486462
12 0.792798 0.455754 0.893125 0.442187 0.897505 0.486804 0.806358 0.500372
4 0.774984 0.409519 0.881251 0.393005 0.897505 0.440263 0.791488 0.456778
10 0.606831 0.794503 0.709458 0.791094 0.712864 0.836734 0.610238 0.840143
11 0.334719 0.800426 0.429424 0.806536 0.423316 0.848652 0.328612 0.842542
14 0.615391 0.842381 0.720150 0.842181 0.720350 0.888768 0.615590 0.888968
15 0.332184 0.842229 0.431804 0.848186 0.425851 0.892487 0.326233 0.886532
1 0.368631 0.393510 0.614068 0.393510 0.614068 0.502661 0.368631 0.502661
16 0.586516 0.349460 0.685037 0.349460 0.685037 0.393274 0.586516 0.393274
