4 0.620128 0.354570 0.708565 0.354570 0.708565 0.393902 0.620128 0.393902
5 0.324301 0.351017 0.420687 0.351017 0.420687 0.393884 0.324301 0.393884
9 0.211433 0.712139 0.270884 0.674332 0.308695 0.700776 0.249245 0.738585
8 0.764817 0.690037 0.809045 0.731782 0.767291 0.751458 0.723063 0.709713
3 0.146964 0.392247 0.236583 0.405676 0.223162 0.445534 0.133543 0.432104
13 0.130136 0.431676 0.224332 0.442801 0.213214 0.484695 0.119018 0.473569
12 0.781363 0.453359 0.881796 0.439778 0.895369 0.484445 0.794938 0.498027
4 0.763526 0.407073 0.869905 0.390541 0.886425 0.437852 0.780047 0.454385
10 0.589837 0.790700 0.692572 0.787288 0.695982 0.832979 0.593247 0.836392
11 0.336200 0.793058 0.431004 0.799175 0.424890 0.841338 0.330086 0.835221
14 0.592795 0.836110 0.676787 0.835950 0.676947 0.873305 0.592956 0.873465
15 0.329388 0.835488 0.426815 0.841313 0.420993 0.884643 0.323568 0.878819
1 0.392736 0.388999 0.638391 0.385968 0.641423 0.495221 0.395769 0.498252
16 0.620705 0.348733 0.719385 0.348733 0.719385 0.392596 0.620705 0.392596
