4 0.619588 0.354932 0.707934 0.354932 0.707934 0.394242 0.619588 0.394242
5 0.324065 0.351381 0.420352 0.351381 0.420352 0.394224 0.324065 0.394224
9 0.211313 0.712301 0.270703 0.674515 0.308475 0.700945 0.249086 0.738732
8 0.764128 0.690211 0.808310 0.731933 0.766599 0.751598 0.722417 0.709876
3 0.146911 0.392589 0.236437 0.406010 0.223030 0.445845 0.133504 0.432423
13 0.130100 0.431995 0.224199 0.443114 0.213093 0.484984 0.118993 0.473865
12 0.780657 0.453667 0.880987 0.440093 0.894546 0.484734 0.794217 0.498309
4 0.762838 0.407406 0.869108 0.390883 0.885611 0.438167 0.779342 0.454691
10 0.589328 0.790818 0.691957 0.787407 0.695364 0.833073 0.592734 0.836484
11 0.335952 0.793174 0.430658 0.799288 0.424550 0.841427 0.329844 0.835313
14 0.592283 0.836202 0.676188 0.836042 0.676348 0.873376 0.592443 0.873536
15 0.329147 0.835580 0.426473 0.841402 0.420658 0.884708 0.323332 0.878887
1 0.392430 0.389342 0.637832 0.386312 0.640861 0.495505 0.395459 0.498534
16 0.622504 0.354304 0.705699 0.354304 0.705699 0.391302 0.622504 0.391302
