4 0.574366 0.361692 0.663264 0.361692 0.663264 0.401246 0.574366 0.401246
5 0.309312 0.361712 0.406200 0.361712 0.406200 0.404821 0.309312 0.404821
9 0.160557 0.799178 0.240958 0.786597 0.253526 0.822370 0.173124 0.834954
8 0.748157 0.757991 0.823425 0.768996 0.812432 0.802487 0.737164 0.791481
3 0.155287 0.415749 0.245372 0.429254 0.231881 0.469337 0.151667 0.455831
13 0.151667 0.457198 0.235751 0.468386 0.224575 0.510517 0.151667 0.499328
12 0.755291 0.470022 0.847500 0.456364 0.847500 0.501283 0.768936 0.514943
4 0.745439 0.419881 0.847500 0.403256 0.847500 0.450834 0.762046 0.467461
10 0.578924 0.787719 0.682194 0.784287 0.685622 0.830237 0.582352 0.833669
11 0.286266 0.781109 0.381564 0.787261 0.375418 0.829663 0.280120 0.823511
14 0.579463 0.834126 0.684879 0.833924 0.685080 0.880828 0.579664 0.881030
15 0.279419 0.825575 0.377353 0.831434 0.371501 0.875009 0.273568 0.869151
1 0.366143 0.391190 0.613119 0.391190 0.613119 0.501081 0.366143 0.501081
16 0.576254 0.363730 0.655994 0.363730 0.655994 0.399210 0.576254 0.399210
