4 0.600906 0.356714 0.689309 0.356714 0.689309 0.396024 0.600906 0.396024
5 0.313240 0.351377 0.409589 0.351377 0.409589 0.394220 0.313240 0.394220
9 0.124235 0.697286 0.216037 0.678705 0.234609 0.719526 0.142807 0.738109
8 0.773500 0.675869 0.861862 0.694510 0.843230 0.733803 0.754868 0.715161
3 0.121595 0.337672 0.204573 0.363888 0.178369 0.400786 0.095392 0.374569
13 0.090806 0.373841 0.178712 0.396933 0.155631 0.436023 0.067725 0.412930
12 0.795717 0.402182 0.888680 0.373485 0.917362 0.414822 0.824400 0.443520
4 0.761775 0.365143 0.857880 0.330580 0.892425 0.373315 0.796320 0.407878
10 0.572247 0.727802 0.674700 0.721999 0.680501 0.767557 0.578047 0.773360
11 0.311734 0.723553 0.406501 0.729667 0.400390 0.771806 0.305622 0.765692
14 0.601876 0.800457 0.693692 0.800457 0.693692 0.841284 0.601876 0.841284
15 0.303844 0.793942 0.403530 0.799901 0.397573 0.844228 0.297888 0.838269
1 0.380460 0.394955 0.626061 0.394955 0.626061 0.504166 0.380460 0.504166
16 0.596066 0.350992 0.694149 0.350992 0.694149 0.394606 0.596066 0.394606
