1 0.333676 0.374028 0.625186 0.374028 0.625186 0.503492 0.333676 0.503492
4 0.612158 0.342750 0.695617 0.342750 0.695617 0.379815 0.612158 0.379815
5 0.284872 0.337681 0.383230 0.337681 0.383230 0.381363 0.284872 0.381363
10 0.620708 0.743916 0.713499 0.743916 0.713499 0.785125 0.620708 0.785125
11 0.270682 0.747530 0.370988 0.747530 0.370988 0.792077 0.270682 0.792077
2 0.812804 0.377527 0.911848 0.350355 0.939041 0.394342 0.839996 0.421514
12 0.842870 0.423939 0.950652 0.391628 0.957515 0.439495 0.875204 0.471806
13 0.056734 0.401710 0.157778 0.423893 0.135579 0.468768 0.041667 0.446585
3 0.085900 0.354224 0.183081 0.378008 0.159279 0.421168 0.062098 0.397383
9 0.056052 0.762558 0.152121 0.762558 0.152121 0.805223 0.056052 0.805223
8 0.831574 0.760674 0.936129 0.760674 0.936129 0.807108 0.831574 0.807108
16 0.614913 0.338104 0.703435 0.338104 0.703435 0.377417 0.614913 0.377417
