1 0.333676 0.374025 0.625186 0.374025 0.625186 0.503492 0.333676 0.503492
4 0.612158 0.342745 0.695617 0.342745 0.695617 0.379811 0.612158 0.379811
5 0.284872 0.337676 0.383230 0.337676 0.383230 0.381359 0.284872 0.381359
10 0.620708 0.743923 0.713499 0.743923 0.713499 0.785134 0.620708 0.785134
11 0.270682 0.747538 0.370988 0.747538 0.370988 0.792085 0.270682 0.792085
2 0.812804 0.377524 0.911848 0.350351 0.939041 0.394339 0.839996 0.421512
12 0.842870 0.423937 0.950652 0.391625 0.957515 0.439494 0.875204 0.471806
13 0.056734 0.401707 0.157778 0.423891 0.135579 0.468767 0.041667 0.446584
3 0.085900 0.354219 0.183081 0.378005 0.159279 0.421165 0.062098 0.397380
9 0.056052 0.762566 0.152121 0.762566 0.152121 0.805232 0.056052 0.805232
8 0.831574 0.760681 0.936129 0.760681 0.936129 0.807117 0.831574 0.807117
16 0.614317 0.339595 0.704031 0.339595 0.704031 0.379440 0.614317 0.379440
