4 0.592920 0.345401 0.684136 0.345401 0.684136 0.385965 0.592920 0.385965
5 0.332001 0.343579 0.431415 0.343579 0.431415 0.387789 0.332001 0.387789
9 0.137516 0.769554 0.225192 0.766504 0.228242 0.805493 0.140564 0.808545
8 0.768153 0.791365 0.847188 0.792747 0.845808 0.827894 0.766772 0.826513
3 0.157390 0.411890 0.249824 0.425740 0.235981 0.466846 0.143547 0.452995
13 0.137273 0.458081 0.234429 0.469555 0.222961 0.512761 0.125805 0.501287
12 0.780314 0.468628 0.875812 0.459306 0.875812 0.505896 0.789634 0.515220
4 0.768345 0.419409 0.875812 0.409652 0.875812 0.459328 0.778096 0.469085
10 0.581028 0.785985 0.686991 0.782466 0.690508 0.829588 0.584545 0.833108
11 0.316638 0.784732 0.414421 0.791041 0.408115 0.834526 0.310332 0.828217
14 0.587104 0.829892 0.695269 0.829686 0.695475 0.877787 0.587310 0.877993
15 0.306850 0.828492 0.407338 0.834500 0.401334 0.879187 0.300847 0.873180
1 0.387551 0.390389 0.640968 0.390389 0.640968 0.503085 0.387551 0.503085
16 0.587698 0.341852 0.694882 0.341852 0.694882 0.389516 0.587698 0.389516
