4 0.600397 0.357436 0.688718 0.357436 0.688718 0.396702 0.600397 0.396702
5 0.312996 0.352105 0.409256 0.352105 0.409256 0.394901 0.312996 0.394901
9 0.124164 0.697626 0.215882 0.679066 0.234437 0.719841 0.142719 0.738403
8 0.772832 0.676233 0.861112 0.694853 0.842497 0.734101 0.754217 0.715481
3 0.121527 0.338416 0.204428 0.364603 0.178249 0.401459 0.095347 0.375271
13 0.090766 0.374544 0.178591 0.397611 0.155532 0.436656 0.067707 0.413589
12 0.795028 0.402853 0.887905 0.374188 0.916561 0.415480 0.823685 0.444144
4 0.761117 0.365856 0.857134 0.331332 0.891647 0.374018 0.795631 0.408543
10 0.571763 0.728108 0.674123 0.722311 0.679918 0.767818 0.577559 0.773615
11 0.311490 0.723863 0.406171 0.729970 0.400065 0.772063 0.305384 0.765956
14 0.601365 0.800681 0.693097 0.800681 0.693097 0.841462 0.601365 0.841462
15 0.303608 0.794173 0.403202 0.800126 0.397251 0.844403 0.297658 0.838451
1 0.380153 0.395634 0.625529 0.395634 0.625529 0.504723 0.380153 0.504723
16 0.600757 0.353436 0.699053 0.353436 0.699053 0.397137 0.600757 0.397137
