4 0.594870 0.352570 0.679257 0.355212 0.676617 0.392751 0.592230 0.390109
5 0.366657 0.348399 0.451137 0.348399 0.451137 0.385979 0.366657 0.385979
2 0.745319 0.387999 0.819147 0.385430 0.819147 0.422972 0.747884 0.425540
12 0.742542 0.426344 0.819147 0.423684 0.819147 0.461221 0.745201 0.463883
3 0.222592 0.377945 0.305471 0.388864 0.294561 0.425734 0.211683 0.414813
13 0.217662 0.413521 0.301040 0.426013 0.288559 0.463101 0.205182 0.450610
9 0.226039 0.636538 0.270592 0.588644 0.318445 0.608465 0.273890 0.656358
10 0.609903 0.793372 0.694383 0.793372 0.694383 0.830952 0.609903 0.830952
14 0.615160 0.821852 0.694591 0.821852 0.694591 0.857184 0.615160 0.857184
1 0.380169 0.373206 0.636157 0.374955 0.634408 0.488828 0.378422 0.487077
16 0.593311 0.386197 0.677487 0.390978 0.672711 0.428422 0.588535 0.423642
8 0.722514 0.790249 0.805499 0.800809 0.794950 0.837722 0.711967 0.827164
11 0.279198 0.793373 0.363678 0.793373 0.363678 0.830952 0.279198 0.830952
15 0.276465 0.829846 0.360945 0.829846 0.360945 0.867425 0.276465 0.867425
