4 0.594583 0.352195 0.679086 0.354838 0.676442 0.392399 0.591939 0.389756
5 0.366058 0.348022 0.450653 0.348022 0.450653 0.385623 0.366058 0.385623
2 0.745238 0.387645 0.818312 0.385074 0.818312 0.422637 0.747806 0.425207
12 0.742457 0.426011 0.818312 0.423350 0.818312 0.460909 0.745120 0.463572
3 0.221796 0.377585 0.304788 0.388510 0.293863 0.425401 0.210871 0.414474
13 0.216859 0.413181 0.300351 0.425680 0.287853 0.462790 0.204362 0.450292
9 0.225248 0.636328 0.269862 0.588405 0.317780 0.608238 0.273163 0.656159
10 0.609637 0.793253 0.694232 0.793253 0.694232 0.830854 0.609637 0.830854
14 0.614901 0.821749 0.694440 0.821749 0.694440 0.857102 0.614901 0.857102
1 0.379589 0.372843 0.635927 0.374593 0.634175 0.488532 0.377838 0.486780
16 0.593022 0.385842 0.677313 0.390625 0.672531 0.428091 0.588240 0.423308
8 0.722402 0.790128 0.805500 0.800693 0.794937 0.837628 0.711840 0.827064
11 0.278479 0.793254 0.363075 0.793254 0.363075 0.830854 0.278479 0.830854
15 0.275742 0.829748 0.360338 0.829748 0.360338 0.867348 0.275742 0.867348
