4 0.594023 0.352570 0.678408 0.355212 0.675769 0.392751 0.591383 0.390109
5 0.365818 0.348399 0.450295 0.348399 0.450295 0.385979 0.365818 0.385979
2 0.744468 0.387999 0.819147 0.385430 0.819147 0.422972 0.747033 0.425540
12 0.741691 0.426344 0.819147 0.423684 0.819147 0.461221 0.744350 0.463883
3 0.221758 0.377945 0.304633 0.388864 0.293724 0.425734 0.210848 0.414813
13 0.216827 0.413521 0.300203 0.426013 0.287723 0.463101 0.204348 0.450610
9 0.225204 0.636538 0.269756 0.588644 0.317607 0.608465 0.273053 0.656358
10 0.609056 0.793372 0.693533 0.793372 0.693533 0.830952 0.609056 0.830952
14 0.614313 0.821852 0.693741 0.821852 0.693741 0.857184 0.614313 0.857184
1 0.379330 0.373206 0.635310 0.374955 0.633561 0.488828 0.377582 0.487077
16 0.592465 0.386197 0.676638 0.390978 0.671862 0.428422 0.587689 0.423642
8 0.721664 0.790249 0.804646 0.800809 0.794097 0.837722 0.711117 0.827164
11 0.278362 0.793373 0.362839 0.793373 0.362839 0.830952 0.278362 0.830952
15 0.275629 0.829846 0.360106 0.829846 0.360106 0.867425 0.275629 0.867425
