4 0.595392 0.361689 0.679783 0.364330 0.677143 0.401869 0.592752 0.399228
5 0.348046 0.359341 0.432529 0.359341 0.432529 0.396921 0.348046 0.396921
2 0.728902 0.416023 0.811887 0.405449 0.822443 0.442364 0.739457 0.452937
12 0.737326 0.448490 0.820487 0.438557 0.830407 0.475548 0.747246 0.485483
3 0.182132 0.398005 0.265014 0.408925 0.254104 0.445794 0.171222 0.434873
13 0.170543 0.434368 0.254492 0.445035 0.243833 0.482375 0.159886 0.471709
9 0.151493 0.796178 0.235549 0.790728 0.241012 0.828147 0.156956 0.833595
10 0.618628 0.815256 0.703111 0.815256 0.703111 0.852836 0.618628 0.852836
14 0.621153 0.851031 0.700587 0.851031 0.700587 0.886363 0.621153 0.886363
1 0.383419 0.382324 0.639417 0.384074 0.637668 0.497946 0.381671 0.496196
16 0.599300 0.393492 0.683479 0.398272 0.678703 0.435716 0.594524 0.430936
8 0.783992 0.613247 0.830636 0.665714 0.778250 0.686464 0.731605 0.633999
11 0.286576 0.821357 0.368233 0.821357 0.368233 0.857678 0.286576 0.857678
15 0.285162 0.851730 0.369645 0.851730 0.369645 0.889309 0.285162 0.889309
