4 0.602536 0.321187 0.681639 0.323659 0.679164 0.358796 0.600062 0.356324
5 0.314323 0.322403 0.393511 0.322403 0.393511 0.357579 0.314323 0.357579
2 0.773654 0.365781 0.847282 0.346358 0.866715 0.379064 0.793087 0.398487
12 0.792111 0.393336 0.867038 0.376264 0.884123 0.409547 0.809195 0.426620
3 0.152531 0.357237 0.224206 0.379669 0.201761 0.411508 0.130086 0.389076
13 0.133733 0.384473 0.206709 0.406478 0.184692 0.438892 0.111717 0.416888
9 0.096711 0.777809 0.173818 0.765786 0.185846 0.800037 0.108740 0.812059
10 0.616628 0.745731 0.695817 0.745731 0.695817 0.780906 0.616628 0.780906
1 0.373104 0.359278 0.613057 0.360916 0.611418 0.467502 0.371465 0.465863
16 0.608762 0.349248 0.687666 0.353722 0.683189 0.388771 0.604285 0.384297
8 0.818608 0.772768 0.897562 0.776837 0.893491 0.811905 0.814540 0.807839
11 0.288704 0.749146 0.367893 0.749146 0.367893 0.784320 0.288704 0.784320
7 0.412670 0.204837 0.478360 0.234302 0.448879 0.263480 0.383188 0.234016
6 0.557069 0.285677 0.559134 0.232932 0.611909 0.233850 0.609843 0.286594
