4 0.602716 0.320884 0.681956 0.323360 0.679477 0.358557 0.600237 0.356081
5 0.313998 0.322103 0.393325 0.322103 0.393325 0.357337 0.313998 0.357337
2 0.774132 0.365554 0.847889 0.346098 0.867356 0.378860 0.793599 0.398315
12 0.792621 0.393156 0.867680 0.376055 0.884795 0.409394 0.809736 0.426496
3 0.151923 0.356995 0.223723 0.379465 0.201240 0.411358 0.129440 0.388888
13 0.133093 0.384278 0.206196 0.406320 0.184141 0.438789 0.111038 0.416748
9 0.096006 0.778281 0.173247 0.766237 0.185296 0.800547 0.108056 0.812588
10 0.616832 0.746148 0.696159 0.746148 0.696159 0.781383 0.616832 0.781383
1 0.372882 0.359040 0.613255 0.360681 0.611613 0.467447 0.371241 0.465806
16 0.608952 0.348993 0.687994 0.353474 0.683509 0.388583 0.604468 0.384101
8 0.819165 0.773231 0.898257 0.777307 0.894179 0.812435 0.815090 0.808361
11 0.288335 0.749569 0.367662 0.749569 0.367662 0.784803 0.288335 0.784803
7 0.412518 0.204337 0.478322 0.233851 0.448790 0.263079 0.382984 0.233565
6 0.557169 0.285314 0.559238 0.232479 0.612104 0.233399 0.610035 0.286232
