4 0.603026 0.321308 0.682197 0.323782 0.679721 0.358948 0.600550 0.356474
5 0.314561 0.322526 0.393819 0.322526 0.393819 0.357730 0.314561 0.357730
2 0.774293 0.365938 0.847985 0.346500 0.867436 0.379233 0.793743 0.398671
12 0.792766 0.393516 0.867759 0.376430 0.884859 0.409740 0.809866 0.426827
3 0.152628 0.357388 0.224365 0.379838 0.201901 0.411702 0.130164 0.389252
13 0.133813 0.384646 0.206853 0.406669 0.184817 0.439109 0.111778 0.417088
9 0.096759 0.778302 0.173933 0.766269 0.185972 0.800549 0.108799 0.812580
10 0.617130 0.746198 0.696388 0.746198 0.696388 0.781401 0.617130 0.781401
1 0.373393 0.359431 0.613557 0.361070 0.611916 0.467742 0.371753 0.466102
16 0.609257 0.349392 0.688230 0.353870 0.683749 0.388947 0.604777 0.384469
8 0.819286 0.773257 0.898310 0.777330 0.894235 0.812426 0.815215 0.808356
11 0.288920 0.749615 0.368178 0.749615 0.368178 0.784818 0.288920 0.784818
7 0.412994 0.204864 0.478742 0.234352 0.449235 0.263555 0.383486 0.234066
6 0.557519 0.285769 0.559586 0.232981 0.612407 0.233900 0.610339 0.286687
