4 0.602405 0.321022 0.681714 0.323500 0.679233 0.358724 0.599924 0.356246
5 0.313435 0.322241 0.392831 0.322241 0.392831 0.357504 0.313435 0.357504
2 0.773971 0.365726 0.847792 0.346256 0.867276 0.379043 0.793455 0.398513
12 0.792476 0.393350 0.867601 0.376236 0.884730 0.409601 0.809606 0.426716
3 0.151218 0.357162 0.223081 0.379649 0.200577 0.411567 0.128715 0.389079
13 0.132371 0.384465 0.205538 0.406524 0.183463 0.439019 0.110297 0.416961
9 0.095252 0.778776 0.172561 0.766723 0.184620 0.801060 0.107312 0.813111
10 0.616533 0.746618 0.695930 0.746618 0.695930 0.781881 0.616533 0.781881
1 0.372370 0.359208 0.612953 0.360850 0.611309 0.467700 0.370727 0.466057
16 0.608647 0.349153 0.687757 0.353638 0.683269 0.388773 0.604158 0.384288
8 0.819043 0.773723 0.898204 0.777802 0.894123 0.812957 0.814964 0.808880
11 0.287749 0.750042 0.367145 0.750042 0.367145 0.785303 0.287749 0.785303
7 0.412040 0.204384 0.477902 0.233921 0.448344 0.263172 0.382481 0.233635
6 0.556818 0.285424 0.558889 0.232548 0.611801 0.233468 0.609730 0.286343
