4 0.602716 0.320896 0.681956 0.323372 0.679477 0.358566 0.600237 0.356090
5 0.313998 0.322114 0.393325 0.322114 0.393325 0.357347 0.313998 0.357347
2 0.774132 0.365562 0.847889 0.346108 0.867356 0.378868 0.793599 0.398322
12 0.792621 0.393163 0.867680 0.376063 0.884795 0.409400 0.809736 0.426500
3 0.151923 0.357005 0.223723 0.379473 0.201240 0.411364 0.129440 0.388895
13 0.133093 0.384285 0.206196 0.406326 0.184141 0.438793 0.111038 0.416753
9 0.096006 0.778262 0.173247 0.766220 0.185296 0.800527 0.108056 0.812568
10 0.616832 0.746132 0.696159 0.746132 0.696159 0.781364 0.616832 0.781364
1 0.372882 0.359050 0.613255 0.360690 0.611613 0.467449 0.371241 0.465808
16 0.608952 0.349003 0.687994 0.353484 0.683509 0.388590 0.604468 0.384108
8 0.819165 0.773213 0.898257 0.777289 0.894179 0.812414 0.815090 0.808341
11 0.288335 0.749552 0.367662 0.749552 0.367662 0.784784 0.288335 0.784784
7 0.412518 0.204357 0.478322 0.233869 0.448790 0.263095 0.382984 0.233583
6 0.557169 0.285328 0.559238 0.232497 0.612104 0.233416 0.610035 0.286247
