4 0.602716 0.320901 0.681956 0.323377 0.679477 0.358572 0.600237 0.356096
5 0.313998 0.322119 0.393325 0.322119 0.393325 0.357353 0.313998 0.357353
2 0.774132 0.365569 0.847889 0.346114 0.867356 0.378875 0.793599 0.398329
12 0.792621 0.393170 0.867680 0.376070 0.884795 0.409408 0.809736 0.426509
3 0.151923 0.357011 0.223723 0.379480 0.201240 0.411372 0.129440 0.388903
13 0.133093 0.384292 0.206196 0.406334 0.184141 0.438802 0.111038 0.416761
9 0.096006 0.778282 0.173247 0.766239 0.185296 0.800548 0.108056 0.812589
10 0.616832 0.746151 0.696159 0.746151 0.696159 0.781384 0.616832 0.781384
1 0.372882 0.359056 0.613255 0.360696 0.611613 0.467459 0.371241 0.465818
16 0.608952 0.349008 0.687994 0.353490 0.683509 0.388597 0.604468 0.384115
8 0.819165 0.773233 0.898257 0.777309 0.894179 0.812435 0.815090 0.808362
11 0.288335 0.749571 0.367662 0.749571 0.367662 0.784804 0.288335 0.784804
7 0.412518 0.204358 0.478322 0.233871 0.448790 0.263098 0.382984 0.233585
6 0.557169 0.285332 0.559238 0.232499 0.612104 0.233418 0.610035 0.286250
