4 0.595093 0.361319 0.679588 0.363962 0.676945 0.401523 0.592450 0.398880
5 0.347442 0.358970 0.432029 0.358970 0.432029 0.396572 0.347442 0.396572
2 0.728768 0.415685 0.811855 0.405105 0.822424 0.442041 0.739336 0.452620
12 0.737202 0.448170 0.820466 0.438232 0.830398 0.475244 0.747134 0.485185
3 0.181324 0.397656 0.264307 0.408582 0.253384 0.445473 0.170400 0.434546
13 0.169720 0.434040 0.253772 0.444713 0.243100 0.482075 0.159050 0.471403
9 0.150647 0.796060 0.234806 0.790607 0.240276 0.828047 0.156117 0.833499
10 0.618357 0.815149 0.702945 0.815149 0.702945 0.852751 0.618357 0.852751
14 0.620886 0.850945 0.700417 0.850945 0.700417 0.886297 0.620886 0.886297
1 0.382859 0.381966 0.639172 0.383717 0.637421 0.497655 0.381109 0.495904
16 0.599006 0.393140 0.683289 0.397923 0.678507 0.435389 0.594224 0.430607
8 0.783926 0.613023 0.830627 0.665520 0.778176 0.686282 0.731474 0.633787
11 0.285896 0.821254 0.367654 0.821254 0.367654 0.857596 0.285896 0.857596
15 0.284480 0.851644 0.369068 0.851644 0.369068 0.889245 0.284480 0.889245
