4 0.582073 0.348923 0.666466 0.351564 0.663826 0.389103 0.579433 0.386462
5 0.345646 0.350222 0.430131 0.350222 0.430131 0.387802 0.345646 0.387802
2 0.745618 0.386835 0.829907 0.382996 0.833743 0.420488 0.749453 0.424328
12 0.749672 0.418205 0.834143 0.417196 0.835153 0.454770 0.750682 0.455780
3 0.189829 0.375111 0.273969 0.380197 0.268888 0.417625 0.184747 0.412538
13 0.192100 0.416816 0.277212 0.421949 0.272084 0.459807 0.186971 0.454674
9 0.161589 0.795326 0.245917 0.798783 0.242459 0.836294 0.158134 0.832835
10 0.616240 0.813433 0.700726 0.813433 0.700726 0.851013 0.616240 0.851013
14 0.618764 0.847383 0.698200 0.847383 0.698200 0.882716 0.618764 0.882716
1 0.375559 0.373206 0.631563 0.374955 0.629814 0.488828 0.373810 0.487077
16 0.580514 0.382550 0.664696 0.387330 0.659920 0.424775 0.575738 0.419994
6 0.533773 0.264307 0.599004 0.244101 0.619194 0.273116 0.553963 0.293322
8 0.760749 0.809421 0.844966 0.813918 0.840474 0.851376 0.756259 0.846881
11 0.274580 0.807963 0.359066 0.807963 0.359066 0.845542 0.274580 0.845542
15 0.274580 0.844436 0.359066 0.844436 0.359066 0.882015 0.274580 0.882015
