4 0.583454 0.348546 0.667949 0.351188 0.665306 0.388749 0.580811 0.386106
5 0.346742 0.349846 0.431329 0.349846 0.431329 0.387448 0.346742 0.387448
2 0.724448 0.400741 0.806699 0.387575 0.819862 0.424139 0.737611 0.437304
12 0.736253 0.432133 0.819325 0.421509 0.829949 0.458437 0.746876 0.469062
3 0.189987 0.380502 0.273618 0.388954 0.265168 0.426132 0.181537 0.417679
13 0.183644 0.424356 0.268396 0.432189 0.260565 0.469862 0.175814 0.462031
9 0.156990 0.795207 0.241420 0.798666 0.237958 0.836199 0.153531 0.832738
10 0.617662 0.813324 0.702249 0.813324 0.702249 0.850926 0.617662 0.850926
14 0.620190 0.847295 0.699721 0.847295 0.699721 0.882648 0.620190 0.882648
1 0.357535 0.372843 0.613848 0.374593 0.612097 0.488532 0.355785 0.486780
16 0.581893 0.382192 0.666176 0.386975 0.661394 0.424441 0.577111 0.419658
6 0.504994 0.273005 0.570303 0.252787 0.590518 0.281819 0.525209 0.302036
8 0.759609 0.785589 0.843928 0.790089 0.839430 0.827569 0.755113 0.823071
11 0.275591 0.807851 0.360178 0.807851 0.360178 0.845452 0.275591 0.845452
15 0.275591 0.844346 0.360178 0.844346 0.360178 0.881946 0.275591 0.881946
7 0.371624 0.261168 0.454846 0.271257 0.444758 0.308252 0.361536 0.298162
