4 0.583772 0.348923 0.668168 0.351564 0.665528 0.389103 0.581132 0.386462
5 0.347338 0.350222 0.431826 0.350222 0.431826 0.387802 0.347338 0.387802
2 0.724601 0.401088 0.806755 0.387929 0.819902 0.424472 0.737748 0.437630
12 0.736391 0.432461 0.819365 0.421844 0.829977 0.458751 0.747002 0.469369
3 0.190768 0.380861 0.274300 0.389308 0.265860 0.426465 0.182327 0.418016
13 0.184432 0.424690 0.269085 0.432518 0.261263 0.470169 0.176611 0.462342
9 0.157809 0.795326 0.242140 0.798783 0.238682 0.836294 0.154354 0.832835
10 0.617940 0.813433 0.702428 0.813433 0.702428 0.851013 0.617940 0.851013
14 0.620464 0.847383 0.699903 0.847383 0.699903 0.882716 0.620464 0.882716
1 0.358119 0.373206 0.614130 0.374955 0.612381 0.488828 0.356370 0.487077
16 0.582213 0.382550 0.666397 0.387330 0.661621 0.424775 0.577437 0.419994
6 0.505404 0.273426 0.570637 0.253220 0.590828 0.282235 0.525595 0.302441
8 0.759720 0.785713 0.843940 0.790210 0.839447 0.827668 0.755229 0.823173
11 0.276271 0.807963 0.360759 0.807963 0.360759 0.845542 0.276271 0.845542
15 0.276271 0.844436 0.360759 0.844436 0.360759 0.882015 0.276271 0.882015
7 0.372191 0.261595 0.455316 0.271679 0.445240 0.308653 0.362115 0.298569
