4 0.566302 0.352671 0.650195 0.355297 0.647571 0.392620 0.563678 0.389994
5 0.344861 0.355776 0.428846 0.355776 0.428846 0.393140 0.344861 0.393140
2 0.733697 0.382684 0.817676 0.383266 0.817095 0.420627 0.733114 0.420045
12 0.736939 0.422117 0.818312 0.421146 0.819285 0.457348 0.737911 0.458320
3 0.200836 0.371456 0.284478 0.376513 0.279426 0.413725 0.195785 0.408668
13 0.200017 0.404174 0.287189 0.411125 0.280246 0.449905 0.193074 0.442954
9 0.134334 0.780102 0.217565 0.787599 0.210073 0.824628 0.126844 0.817130
10 0.630155 0.798189 0.714140 0.798189 0.714140 0.835553 0.630155 0.835553
14 0.632664 0.833756 0.711630 0.833756 0.711630 0.868884 0.632664 0.868884
1 0.362870 0.367133 0.616890 0.377564 0.606468 0.490573 0.352448 0.480142
16 0.562227 0.384787 0.646212 0.384787 0.646212 0.422151 0.562227 0.422151
7 0.430237 0.246173 0.379579 0.282315 0.343473 0.259780 0.394128 0.223637
8 0.764412 0.810772 0.848248 0.807429 0.851588 0.844724 0.767754 0.848068
11 0.274217 0.800002 0.358202 0.800002 0.358202 0.837365 0.274217 0.837365
15 0.271500 0.834453 0.355485 0.834453 0.355485 0.871815 0.271500 0.871815
