4 0.584526 0.353044 0.668404 0.355668 0.665780 0.392969 0.581902 0.390345
5 0.363125 0.356147 0.447095 0.356147 0.447095 0.393489 0.363125 0.393489
2 0.713858 0.381227 0.797822 0.381809 0.797241 0.419149 0.713276 0.418567
12 0.704919 0.414639 0.788875 0.413637 0.789878 0.450973 0.705923 0.451976
3 0.202826 0.359133 0.286453 0.364186 0.281403 0.401377 0.197776 0.396323
13 0.202008 0.393645 0.289163 0.400591 0.282222 0.439349 0.195065 0.432402
9 0.208365 0.765442 0.290046 0.752451 0.303028 0.788776 0.221347 0.801766
10 0.596752 0.774748 0.680722 0.774748 0.680722 0.812090 0.596752 0.812090
14 0.599261 0.806670 0.678212 0.806670 0.678212 0.841778 0.599261 0.841778
1 0.381731 0.366973 0.635598 0.378494 0.624084 0.491390 0.370217 0.479870
16 0.580452 0.385141 0.664421 0.385141 0.664421 0.422483 0.580452 0.422483
6 0.642294 0.232166 0.688073 0.268784 0.651477 0.289143 0.605698 0.252525
7 0.472934 0.246606 0.422285 0.282728 0.386186 0.260206 0.436832 0.224084
8 0.747284 0.823566 0.831105 0.820225 0.834444 0.857499 0.750625 0.860841
