4 0.584328 0.354899 0.668010 0.357516 0.665392 0.394711 0.581710 0.392094
5 0.363443 0.357994 0.447217 0.357994 0.447217 0.395229 0.363443 0.395229
2 0.764853 0.390229 0.848621 0.390809 0.848042 0.428042 0.764272 0.427462
12 0.764066 0.423546 0.847825 0.422546 0.848826 0.459775 0.765067 0.460776
3 0.200809 0.382654 0.284240 0.387693 0.279201 0.424777 0.195770 0.419738
13 0.197282 0.420681 0.284234 0.427608 0.277309 0.466254 0.190356 0.459327
9 0.183648 0.640003 0.267265 0.643428 0.263837 0.680595 0.180222 0.677167
10 0.620917 0.807918 0.704691 0.807918 0.704691 0.845153 0.620917 0.845153
14 0.623420 0.845170 0.702187 0.845170 0.702187 0.880178 0.623420 0.880178
1 0.393104 0.377153 0.646952 0.378886 0.645218 0.491713 0.391371 0.489979
16 0.580263 0.386905 0.664037 0.386905 0.664037 0.424140 0.580263 0.424140
6 0.598597 0.227142 0.644269 0.263655 0.607758 0.283955 0.562086 0.247442
7 0.452816 0.247246 0.432333 0.294636 0.384947 0.285532 0.405430 0.238143
8 0.747948 0.637705 0.831455 0.642161 0.827001 0.679276 0.743495 0.674822
11 0.284846 0.809726 0.368620 0.809726 0.368620 0.846959 0.284846 0.846959
15 0.287557 0.840443 0.371330 0.840443 0.371330 0.877677 0.287557 0.877677
