4 0.606963 0.314073 0.690129 0.316673 0.687528 0.353632 0.604362 0.351032
5 0.295863 0.313556 0.379120 0.313556 0.379120 0.350555 0.295863 0.350555
2 0.826033 0.389749 0.906348 0.375128 0.920972 0.410820 0.840656 0.425442
3 0.084432 0.374754 0.164357 0.390297 0.148810 0.425817 0.068887 0.410273
13 0.064555 0.410847 0.149371 0.423851 0.136367 0.461543 0.051550 0.448539
9 0.118528 0.754138 0.201470 0.749314 0.206294 0.786173 0.123352 0.790998
11 0.268926 0.746269 0.352183 0.746269 0.352183 0.783268 0.268926 0.783268
10 0.616392 0.744475 0.699649 0.744475 0.699649 0.781474 0.616392 0.781474
1 0.364876 0.333453 0.617169 0.333453 0.617169 0.445571 0.364876 0.445571
16 0.608311 0.354853 0.691568 0.354853 0.691568 0.391852 0.608311 0.391852
6 0.522931 0.257572 0.568216 0.221231 0.604562 0.241356 0.559277 0.277697
7 0.416256 0.218251 0.459817 0.257727 0.420338 0.277085 0.376777 0.237611
8 0.777717 0.752752 0.859852 0.761833 0.850772 0.798332 0.768637 0.789253
12 0.842214 0.425620 0.922556 0.411065 0.937113 0.446770 0.856770 0.461324
