4 0.592613 0.366172 0.674774 0.368744 0.672204 0.405288 0.590043 0.402717
5 0.330508 0.369213 0.412759 0.369213 0.412759 0.405797 0.330508 0.405797
2 0.785580 0.415203 0.865545 0.402356 0.878383 0.437922 0.798418 0.450770
3 0.121633 0.413746 0.200591 0.429115 0.185234 0.464236 0.106276 0.448866
13 0.104657 0.449434 0.188448 0.462292 0.175601 0.499560 0.091810 0.486703
9 0.149621 0.768684 0.223168 0.744114 0.247717 0.776827 0.174171 0.801396
11 0.327846 0.834353 0.410097 0.834353 0.410097 0.870938 0.327846 0.870938
10 0.631198 0.832579 0.713449 0.832579 0.713449 0.869164 0.631198 0.869164
15 0.330508 0.862761 0.412759 0.862761 0.412759 0.899344 0.330508 0.899344
14 0.636520 0.862760 0.718771 0.862760 0.718771 0.899343 0.636520 0.899343
1 0.382721 0.394212 0.631966 0.394212 0.631966 0.505072 0.382721 0.505072
16 0.591283 0.401169 0.673534 0.401169 0.673534 0.437754 0.591283 0.437754
6 0.520240 0.276574 0.564978 0.240641 0.600884 0.260540 0.556147 0.296473
7 0.409461 0.236311 0.459420 0.271481 0.424278 0.293702 0.374320 0.258533
8 0.787745 0.771645 0.867725 0.784451 0.854930 0.820024 0.774951 0.807219
12 0.793958 0.451793 0.874334 0.440147 0.885972 0.475897 0.805595 0.487543
