4 0.606641 0.314184 0.689883 0.316786 0.687279 0.353778 0.604037 0.351176
5 0.295255 0.313666 0.378588 0.313666 0.378588 0.350699 0.295255 0.350699
2 0.825911 0.389928 0.906300 0.375294 0.920938 0.411018 0.840548 0.425653
3 0.083630 0.374919 0.163628 0.390477 0.148067 0.426028 0.068070 0.410470
13 0.063735 0.411045 0.148629 0.424060 0.135612 0.461786 0.050718 0.448770
9 0.117757 0.754645 0.200775 0.749816 0.205603 0.786708 0.122585 0.791537
11 0.268293 0.746768 0.351627 0.746768 0.351627 0.783801 0.268293 0.783801
10 0.616078 0.744972 0.699411 0.744972 0.699411 0.782005 0.616078 0.782005
1 0.364331 0.333581 0.616856 0.333581 0.616856 0.445800 0.364331 0.445800
16 0.607989 0.355001 0.691323 0.355001 0.691323 0.392033 0.607989 0.392033
6 0.522532 0.257632 0.567858 0.221259 0.604237 0.241402 0.558910 0.277775
7 0.415758 0.218275 0.459359 0.257788 0.419844 0.277163 0.376243 0.237653
8 0.777551 0.753257 0.859762 0.762346 0.850673 0.798879 0.768463 0.789791
12 0.842107 0.425831 0.922524 0.411263 0.937093 0.447000 0.856677 0.461567
