4 0.590720 0.367598 0.672671 0.370164 0.670108 0.406626 0.588156 0.404061
5 0.329283 0.370632 0.411324 0.370632 0.411324 0.407134 0.329283 0.407134
2 0.739658 0.399803 0.820746 0.391483 0.829057 0.427561 0.747968 0.435881
12 0.752967 0.433402 0.834079 0.425185 0.842288 0.461274 0.761176 0.469491
3 0.191125 0.412620 0.272859 0.417348 0.268136 0.453715 0.186402 0.448985
13 0.185137 0.444485 0.270291 0.451275 0.263509 0.489161 0.178354 0.482371
9 0.140306 0.715850 0.222125 0.719883 0.218095 0.756287 0.136276 0.752253
11 0.286814 0.825869 0.368855 0.825869 0.368855 0.862371 0.286814 0.862371
10 0.605319 0.824099 0.687360 0.824099 0.687360 0.860601 0.605319 0.860601
15 0.286815 0.854213 0.368856 0.854213 0.368856 0.890714 0.286815 0.890714
14 0.607973 0.850669 0.690014 0.850669 0.690014 0.887170 0.607973 0.887170
1 0.365438 0.402660 0.614047 0.402660 0.614047 0.513271 0.365438 0.513271
16 0.589393 0.402516 0.671434 0.402516 0.671434 0.439019 0.589393 0.439019
6 0.518531 0.278201 0.563155 0.242349 0.598969 0.262204 0.554346 0.298056
7 0.381493 0.239800 0.431324 0.274891 0.396272 0.297062 0.346441 0.261972
8 0.768319 0.682285 0.850215 0.679019 0.853478 0.715454 0.771584 0.718721
