4 0.590404 0.367242 0.672448 0.369809 0.669881 0.406292 0.587838 0.403725
5 0.328675 0.370277 0.410808 0.370277 0.410808 0.406800 0.328675 0.406800
2 0.739509 0.399465 0.820688 0.391141 0.829008 0.427239 0.747829 0.435563
12 0.752833 0.433083 0.834036 0.424862 0.842254 0.460971 0.761052 0.469192
3 0.190363 0.412289 0.272189 0.417021 0.267460 0.453408 0.185634 0.448675
13 0.184368 0.444172 0.269617 0.450966 0.262827 0.488873 0.177577 0.482079
9 0.139487 0.715690 0.221398 0.719725 0.217363 0.756149 0.135453 0.752113
11 0.286159 0.825771 0.368292 0.825771 0.368292 0.862294 0.286159 0.862294
10 0.605020 0.824000 0.687153 0.824000 0.687153 0.860523 0.605020 0.860523
15 0.286160 0.854131 0.368293 0.854131 0.368293 0.890652 0.286160 0.890652
14 0.607677 0.850585 0.689810 0.850585 0.689810 0.887106 0.607677 0.887106
1 0.364870 0.402324 0.613758 0.402324 0.613758 0.512997 0.364870 0.512997
16 0.589076 0.402180 0.671209 0.402180 0.671209 0.438703 0.589076 0.438703
6 0.518135 0.277795 0.562809 0.241923 0.598664 0.261788 0.553990 0.297661
7 0.380944 0.239372 0.430831 0.274483 0.395739 0.296667 0.345852 0.261556
8 0.768203 0.682106 0.850190 0.678838 0.853457 0.715294 0.771471 0.718563
