4 0.590404 0.366886 0.672448 0.369454 0.669881 0.405958 0.587838 0.403389
5 0.328675 0.369923 0.410808 0.369923 0.410808 0.406466 0.328675 0.406466
2 0.739509 0.399127 0.820688 0.390798 0.829008 0.426917 0.747829 0.435245
12 0.752833 0.432764 0.834036 0.424538 0.842254 0.460667 0.761052 0.468893
3 0.190363 0.411958 0.272189 0.416692 0.267460 0.453100 0.185634 0.448365
13 0.184368 0.443859 0.269617 0.450657 0.262827 0.488586 0.177577 0.481788
9 0.139487 0.715530 0.221398 0.719568 0.217363 0.756012 0.135453 0.751974
11 0.286159 0.825673 0.368292 0.825673 0.368292 0.862216 0.286159 0.862216
10 0.605020 0.823901 0.687153 0.823901 0.687153 0.860444 0.605020 0.860444
15 0.286160 0.854049 0.368293 0.854049 0.368293 0.890591 0.286160 0.890591
14 0.607677 0.850501 0.689810 0.850501 0.689810 0.887043 0.607677 0.887043
1 0.364870 0.401987 0.613758 0.401987 0.613758 0.512723 0.364870 0.512723
16 0.589076 0.401844 0.671209 0.401844 0.671209 0.438387 0.589076 0.438387
6 0.518135 0.277389 0.562809 0.241496 0.598664 0.261373 0.553990 0.297265
7 0.380944 0.238944 0.430831 0.274075 0.395739 0.296271 0.345852 0.261141
8 0.768203 0.681927 0.850190 0.678657 0.853457 0.715134 0.771471 0.718405
