4 0.590321 0.356008 0.673813 0.358620 0.671202 0.395751 0.587709 0.393138
5 0.342895 0.355489 0.426479 0.355489 0.426479 0.392660 0.342895 0.392660
2 0.721166 0.392973 0.804474 0.397497 0.799951 0.434546 0.716644 0.430020
12 0.721072 0.427323 0.804400 0.431683 0.800044 0.468740 0.716716 0.464380
3 0.183211 0.401855 0.266482 0.406670 0.261670 0.443703 0.178399 0.438887
13 0.178333 0.434304 0.263865 0.441218 0.256956 0.479798 0.178333 0.472884
9 0.213533 0.805336 0.296800 0.800478 0.301654 0.837508 0.218388 0.842366
11 0.326670 0.820874 0.410254 0.820874 0.410254 0.858045 0.326670 0.858045
10 0.661981 0.817267 0.745565 0.817267 0.745565 0.854438 0.661981 0.854438
15 0.326671 0.856952 0.410255 0.856952 0.410255 0.894122 0.326671 0.894122
14 0.661981 0.842521 0.745565 0.842521 0.745565 0.879691 0.661981 0.879691
1 0.387842 0.380889 0.641128 0.380889 0.641128 0.493528 0.387842 0.493528
16 0.588969 0.386155 0.672553 0.386155 0.672553 0.423326 0.588969 0.423326
6 0.518499 0.291018 0.584192 0.272790 0.602409 0.302005 0.536716 0.320233
7 0.410551 0.272312 0.479364 0.290108 0.461580 0.320710 0.392766 0.302914
8 0.783721 0.603151 0.811568 0.655722 0.759030 0.668106 0.731182 0.615536
