4 0.595090 0.364945 0.677527 0.367100 0.675372 0.403739 0.592935 0.401584
5 0.345761 0.364228 0.428261 0.364228 0.428261 0.400895 0.345761 0.400895
2 0.755580 0.411589 0.837009 0.402754 0.845843 0.438945 0.764415 0.447779
12 0.761625 0.446183 0.843449 0.439159 0.850474 0.475525 0.768650 0.482550
3 0.166665 0.415128 0.248048 0.424147 0.239029 0.460318 0.157646 0.451298
13 0.162669 0.447691 0.247613 0.457617 0.237688 0.495369 0.152743 0.485444
9 0.147389 0.650796 0.229727 0.654246 0.226276 0.690841 0.143938 0.687390
11 0.297718 0.826862 0.380218 0.826862 0.380218 0.863529 0.297718 0.863529
10 0.607327 0.833980 0.689827 0.833980 0.689827 0.870647 0.607327 0.870647
15 0.295049 0.860671 0.377549 0.860671 0.377549 0.897337 0.295049 0.897337
14 0.607327 0.867788 0.689827 0.867788 0.689827 0.904454 0.607327 0.904454
1 0.379449 0.389284 0.629449 0.389284 0.629449 0.500395 0.379449 0.500395
8 0.755480 0.643054 0.836842 0.633951 0.845944 0.670114 0.764582 0.679215
16 0.593981 0.405154 0.676481 0.405154 0.676481 0.441821 0.593981 0.441821
6 0.545437 0.267441 0.597575 0.236076 0.628940 0.259249 0.576802 0.290614
7 0.401571 0.227174 0.447508 0.264865 0.409817 0.285282 0.363880 0.247591
