4 0.607567 0.372317 0.689120 0.374453 0.686988 0.410768 0.605435 0.408632
5 0.374114 0.373370 0.455729 0.373370 0.455729 0.409713 0.374114 0.409713
2 0.755774 0.416785 0.836329 0.408028 0.845069 0.443900 0.764514 0.452656
12 0.761754 0.451074 0.842700 0.444112 0.849650 0.480157 0.768704 0.487120
3 0.197346 0.390083 0.276390 0.403658 0.262841 0.438857 0.183797 0.425282
13 0.179967 0.426046 0.262622 0.440160 0.248536 0.476966 0.165879 0.462853
9 0.162443 0.653812 0.243419 0.646999 0.250217 0.683058 0.169241 0.689869
11 0.302823 0.828391 0.384438 0.828391 0.384438 0.864734 0.302823 0.864734
10 0.609111 0.835446 0.690726 0.835446 0.690726 0.871789 0.609111 0.871789
15 0.300183 0.861901 0.381798 0.861901 0.381798 0.898244 0.300183 0.898244
14 0.609111 0.868956 0.690726 0.868956 0.690726 0.905298 0.609111 0.905298
1 0.404801 0.392914 0.652119 0.392914 0.652119 0.503044 0.404801 0.503044
8 0.752010 0.659948 0.833207 0.665455 0.827711 0.701613 0.746513 0.696105
16 0.606470 0.420989 0.688085 0.420989 0.688085 0.457332 0.606470 0.457332
