4 0.607554 0.372748 0.689136 0.374883 0.687003 0.411173 0.605422 0.409039
5 0.374020 0.373801 0.455664 0.373801 0.455664 0.410120 0.374020 0.410120
2 0.755813 0.417187 0.836397 0.408436 0.845139 0.444282 0.764557 0.453032
12 0.761796 0.451452 0.842770 0.444494 0.849722 0.480514 0.768748 0.487473
3 0.197190 0.390503 0.276262 0.404069 0.262708 0.439243 0.183636 0.425677
13 0.179804 0.426441 0.262489 0.440545 0.248398 0.477326 0.165712 0.463222
9 0.162274 0.654050 0.243279 0.647242 0.250079 0.683276 0.169075 0.690083
11 0.302704 0.828509 0.384348 0.828509 0.384348 0.864827 0.302704 0.864827
10 0.609099 0.835559 0.690743 0.835559 0.690743 0.871878 0.609099 0.871878
15 0.300063 0.861996 0.381707 0.861996 0.381707 0.898314 0.300063 0.898314
14 0.609099 0.869046 0.690743 0.869046 0.690743 0.905363 0.609099 0.905363
1 0.404717 0.393332 0.652122 0.393332 0.652122 0.503386 0.404717 0.503386
8 0.753482 0.659072 0.834257 0.666994 0.826342 0.702927 0.745566 0.695004
16 0.606457 0.421387 0.688101 0.421387 0.688101 0.457705 0.606457 0.457705
