4 0.607554 0.373099 0.689136 0.375233 0.687003 0.411503 0.605422 0.409369
5 0.374020 0.374152 0.455664 0.374152 0.455664 0.410449 0.374020 0.410449
2 0.755813 0.417513 0.836397 0.408767 0.845139 0.444593 0.764557 0.453338
12 0.761796 0.451758 0.842770 0.444805 0.849722 0.480805 0.768748 0.487759
3 0.197190 0.390844 0.276262 0.404402 0.262708 0.439556 0.183636 0.425998
13 0.179804 0.426762 0.262489 0.440858 0.248398 0.477618 0.165712 0.463523
9 0.162274 0.654243 0.243279 0.647439 0.250079 0.683453 0.169075 0.690256
11 0.302704 0.828605 0.384348 0.828605 0.384348 0.864903 0.302704 0.864903
10 0.609099 0.835651 0.690743 0.835651 0.690743 0.871949 0.609099 0.871949
15 0.300063 0.862074 0.381707 0.862074 0.381707 0.898371 0.300063 0.898371
14 0.609099 0.869119 0.690743 0.869119 0.690743 0.905416 0.609099 0.905416
1 0.404717 0.393671 0.652122 0.393671 0.652122 0.503663 0.404717 0.503663
8 0.752048 0.660372 0.833274 0.665872 0.827775 0.701985 0.746549 0.696484
16 0.606457 0.421711 0.688101 0.421711 0.688101 0.458009 0.606457 0.458009
