4 0.597652 0.401257 0.680152 0.401257 0.680152 0.437944 0.597652 0.437944
5 0.328079 0.404818 0.410579 0.404818 0.410579 0.441505 0.328079 0.441505
2 0.773821 0.434977 0.853989 0.421985 0.866973 0.457636 0.786805 0.470627
12 0.785268 0.471042 0.866198 0.460357 0.876878 0.496345 0.795948 0.507031
3 0.133380 0.434151 0.213281 0.447855 0.199585 0.483387 0.119684 0.469683
13 0.124007 0.470607 0.204625 0.482295 0.192944 0.518145 0.112326 0.506458
9 0.121169 0.812109 0.202476 0.802783 0.211796 0.838940 0.130489 0.848265
8 0.796396 0.787752 0.878203 0.794870 0.871089 0.831250 0.789282 0.824132
11 0.301389 0.876614 0.383889 0.876614 0.383889 0.913302 0.301389 0.913302
10 0.629681 0.874834 0.712181 0.874834 0.712181 0.911522 0.629681 0.911522
15 0.301389 0.906881 0.383889 0.906881 0.383889 0.943568 0.301389 0.943568
14 0.629681 0.906881 0.712181 0.906881 0.712181 0.943568 0.629681 0.943568
6 0.579960 0.282248 0.612663 0.239748 0.655140 0.254291 0.622437 0.296792
1 0.364436 0.428107 0.614436 0.428107 0.614436 0.539281 0.364436 0.539281
16 0.597652 0.424402 0.680152 0.424402 0.680152 0.461090 0.597652 0.461090
