4 0.570149 0.411718 0.652649 0.411718 0.652649 0.448385 0.570149 0.448385
5 0.355123 0.409991 0.437623 0.409991 0.437623 0.446658 0.355123 0.446658
2 0.719819 0.412667 0.799429 0.398237 0.813859 0.433619 0.734249 0.448049
12 0.728084 0.446274 0.808307 0.433442 0.821139 0.469097 0.740916 0.481929
3 0.221337 0.405122 0.300923 0.419610 0.286435 0.454982 0.206849 0.440493
13 0.207745 0.439886 0.293887 0.454472 0.279301 0.492757 0.193160 0.478171
7 0.401240 0.349145 0.376195 0.318290 0.407050 0.307159 0.432095 0.338014
6 0.569848 0.342705 0.596469 0.301768 0.637406 0.313600 0.610785 0.354536
1 0.382772 0.440127 0.632772 0.440127 0.632772 0.551238 0.382772 0.551238
14 0.601237 0.821045 0.683737 0.821045 0.683737 0.857712 0.601237 0.857712
15 0.300719 0.817591 0.383219 0.817591 0.383219 0.854257 0.300719 0.854257
11 0.300719 0.781321 0.383219 0.781321 0.383219 0.817988 0.300719 0.817988
10 0.601237 0.781321 0.683737 0.781321 0.683737 0.817988 0.601237 0.817988
