10 0.645339 0.803838 0.727532 0.799100 0.732270 0.835631 0.650077 0.840369
11 0.303152 0.812786 0.385652 0.812786 0.385652 0.849453 0.303152 0.849453
9 0.224414 0.674591 0.270983 0.629190 0.316383 0.649888 0.269814 0.695288
8 0.764253 0.793811 0.846753 0.793811 0.846753 0.830478 0.764253 0.830478
4 0.602014 0.393431 0.684514 0.393431 0.684514 0.430098 0.602014 0.430098
5 0.362925 0.397226 0.445425 0.397226 0.445425 0.433893 0.362925 0.433893
1 0.398719 0.434008 0.648719 0.434008 0.648719 0.545119 0.398719 0.545119
2 0.733719 0.410677 0.816219 0.410677 0.816219 0.447343 0.733719 0.447343
12 0.732944 0.446562 0.815444 0.446562 0.815444 0.483229 0.732944 0.483229
3 0.192415 0.409454 0.272662 0.422222 0.259895 0.457887 0.179648 0.445120
15 0.308845 0.862122 0.391345 0.862122 0.391345 0.898789 0.308845 0.898789
14 0.643528 0.858659 0.725889 0.861852 0.722696 0.898456 0.640335 0.895264
13 0.180282 0.445424 0.260682 0.457754 0.248351 0.493488 0.167951 0.481157
