10 0.645339 0.803838 0.727532 0.799100 0.732270 0.835631 0.650077 0.840369
11 0.303152 0.812786 0.385652 0.812786 0.385652 0.849453 0.303152 0.849453
9 0.224414 0.674591 0.270983 0.629190 0.316383 0.649888 0.269814 0.695288
8 0.764253 0.793811 0.846753 0.793811 0.846753 0.830478 0.764253 0.830478
4 0.602014 0.393431 0.684514 0.393431 0.684514 0.430098 0.602014 0.430098
5 0.362925 0.397226 0.445425 0.397226 0.445425 0.433893 0.362925 0.433893
1 0.398719 0.434008 0.648719 0.434008 0.648719 0.545119 0.398719 0.545119
2 0.732944 0.408612 0.815444 0.408612 0.815444 0.445278 0.732944 0.445278
12 0.732944 0.446562 0.815444 0.446562 0.815444 0.483229 0.732944 0.483229
3 0.193964 0.408421 0.274211 0.421189 0.261444 0.456854 0.181197 0.444087
13 0.178867 0.443951 0.259258 0.456305 0.246904 0.492035 0.166512 0.479680
15 0.308845 0.862122 0.391345 0.862122 0.391345 0.898789 0.308845 0.898789
14 0.640885 0.861242 0.723330 0.859232 0.725339 0.895873 0.642894 0.897884
