10 0.551381 0.803158 0.633753 0.806219 0.630692 0.842829 0.548320 0.839768
11 0.312929 0.804639 0.395429 0.804639 0.395429 0.841306 0.312929 0.841306
9 0.157664 0.788838 0.239997 0.792353 0.236480 0.828945 0.154148 0.825429
8 0.670984 0.756713 0.746729 0.778510 0.724932 0.812174 0.649187 0.790377
4 0.618541 0.393431 0.701041 0.393431 0.701041 0.430098 0.618541 0.430098
5 0.368434 0.393553 0.450934 0.393553 0.450934 0.430220 0.368434 0.430220
1 0.398719 0.434008 0.648719 0.434008 0.648719 0.545119 0.398719 0.545119
2 0.771508 0.407388 0.854008 0.407388 0.854008 0.444054 0.771508 0.444054
12 0.773344 0.447786 0.855844 0.447786 0.855844 0.484453 0.773344 0.484453
3 0.217352 0.404302 0.299736 0.407219 0.296820 0.443834 0.214435 0.440918
13 0.218554 0.442195 0.300669 0.447501 0.295362 0.483997 0.213247 0.478690
15 0.308845 0.862122 0.391345 0.862122 0.391345 0.898789 0.308845 0.898789
14 0.548005 0.864501 0.630450 0.862491 0.632459 0.899132 0.550014 0.901143
