4 0.597485 0.390290 0.679978 0.391002 0.679266 0.427645 0.596773 0.426933
5 0.348910 0.395339 0.431410 0.395339 0.431410 0.431985 0.348910 0.431985
1 0.380871 0.415207 0.630815 0.418740 0.627279 0.529764 0.377335 0.526231
2 0.747613 0.397237 0.830113 0.397237 0.830113 0.433883 0.747613 0.433883
12 0.747613 0.435187 0.830113 0.435187 0.830113 0.471834 0.747613 0.471834
3 0.232147 0.423802 0.314647 0.423802 0.314647 0.460448 0.232147 0.460448
13 0.229299 0.459855 0.311799 0.459855 0.311799 0.496502 0.229299 0.496502
9 0.152625 0.729088 0.235122 0.729523 0.234687 0.766168 0.152190 0.765733
8 0.712669 0.729354 0.792775 0.742501 0.779621 0.778083 0.699515 0.764936
10 0.574387 0.756088 0.656884 0.755654 0.657319 0.792299 0.574822 0.792733
11 0.279113 0.735070 0.359574 0.747216 0.347421 0.782957 0.266960 0.770810
15 0.265828 0.816330 0.348059 0.820768 0.343618 0.857295 0.261388 0.852856
14 0.593321 0.840530 0.672275 0.824588 0.688226 0.859660 0.609271 0.875601
