4 0.599883 0.385497 0.682376 0.386209 0.681664 0.422852 0.599171 0.422140
5 0.348910 0.395339 0.431410 0.395339 0.431410 0.431985 0.348910 0.431985
1 0.385250 0.411237 0.634630 0.422960 0.622900 0.533734 0.373520 0.522011
2 0.747613 0.397237 0.830113 0.397237 0.830113 0.433883 0.747613 0.433883
12 0.747613 0.435187 0.830113 0.435187 0.830113 0.471834 0.747613 0.471834
3 0.232147 0.423802 0.314647 0.423802 0.314647 0.460448 0.232147 0.460448
13 0.229299 0.459855 0.311799 0.459855 0.311799 0.496502 0.229299 0.496502
9 0.152625 0.729088 0.235122 0.729523 0.234687 0.766168 0.152190 0.765733
8 0.707859 0.724745 0.789944 0.730255 0.784431 0.766716 0.702346 0.761206
10 0.588396 0.772759 0.658963 0.744283 0.687455 0.775628 0.616888 0.804104
11 0.279113 0.735070 0.359574 0.747216 0.347421 0.782957 0.266960 0.770810
15 0.260487 0.821899 0.342398 0.815341 0.348959 0.851726 0.267049 0.858283
14 0.593321 0.840530 0.672275 0.824588 0.688226 0.859660 0.609271 0.875601
