4 0.576397 0.408612 0.658897 0.408612 0.658897 0.445278 0.576397 0.445278
5 0.331615 0.410509 0.414115 0.410509 0.414115 0.447176 0.331615 0.447176
2 0.743998 0.422230 0.826492 0.421562 0.827160 0.458226 0.744666 0.458894
12 0.742411 0.460178 0.827105 0.458537 0.828746 0.496179 0.744052 0.497820
3 0.214917 0.435177 0.297417 0.435177 0.297417 0.471844 0.214917 0.471844
13 0.214917 0.471230 0.297417 0.471230 0.297417 0.507897 0.214917 0.507897
11 0.307514 0.767292 0.389164 0.775166 0.381290 0.811455 0.299640 0.803581
10 0.612605 0.769655 0.694182 0.761451 0.702385 0.797708 0.620808 0.805911
14 0.616344 0.834862 0.698355 0.828878 0.704339 0.865327 0.622329 0.871311
15 0.294355 0.833201 0.376533 0.838055 0.371679 0.874579 0.289501 0.869725
1 0.367410 0.441598 0.617410 0.441598 0.617410 0.552709 0.367410 0.552709
