4 0.570704 0.385841 0.653204 0.385841 0.653204 0.422508 0.570704 0.422508
5 0.340154 0.380149 0.422654 0.380149 0.422654 0.416815 0.340154 0.416815
2 0.707327 0.406714 0.789827 0.406714 0.789827 0.443381 0.707327 0.443381
12 0.704481 0.448460 0.786981 0.448460 0.786981 0.485127 0.704481 0.485127
3 0.175069 0.408612 0.257569 0.408612 0.257569 0.445278 0.175069 0.445278
13 0.172222 0.448460 0.254722 0.448460 0.254722 0.485127 0.172222 0.485127
11 0.301126 0.745578 0.383591 0.747183 0.381986 0.783834 0.299521 0.782229
15 0.294613 0.814684 0.377113 0.814684 0.377113 0.851350 0.294613 0.851350
1 0.378795 0.432110 0.628795 0.432110 0.628795 0.543222 0.378795 0.543222
6 0.569877 0.242693 0.613952 0.276617 0.580028 0.296206 0.535953 0.262282
8 0.679713 0.771643 0.758890 0.787096 0.743436 0.822285 0.664260 0.806832
9 0.169376 0.808991 0.251876 0.808991 0.251876 0.845658 0.169376 0.845658
