4 0.587782 0.292862 0.670282 0.292862 0.670282 0.329529 0.587782 0.329529
5 0.331615 0.290965 0.414115 0.290965 0.414115 0.327631 0.331615 0.327631
2 0.754909 0.326969 0.833337 0.309902 0.850404 0.344758 0.771976 0.361825
12 0.778095 0.361578 0.857609 0.346916 0.872271 0.382255 0.792757 0.396917
3 0.176634 0.303034 0.253392 0.323193 0.233234 0.357308 0.156475 0.337149
13 0.155479 0.338512 0.231060 0.360561 0.209009 0.394152 0.133429 0.372103
8 0.677337 0.826869 0.751300 0.851234 0.726936 0.884106 0.652973 0.859742
8 0.219375 0.838503 0.296877 0.819651 0.315729 0.854096 0.238227 0.872949
10 0.588828 0.751368 0.671328 0.751368 0.671328 0.788034 0.588828 0.788034
11 0.333996 0.753019 0.416496 0.753019 0.416496 0.789686 0.333996 0.789686
1 0.387449 0.356095 0.637448 0.356324 0.637219 0.467435 0.387219 0.467206
7 0.419838 0.173432 0.495628 0.195160 0.473900 0.228845 0.398110 0.207117
6 0.561954 0.241029 0.573325 0.186554 0.627800 0.191608 0.616429 0.246083
