4 0.587782 0.292862 0.670282 0.292862 0.670282 0.329529 0.587782 0.329529
5 0.331615 0.290965 0.414115 0.290965 0.414115 0.327631 0.331615 0.327631
2 0.754909 0.326969 0.833337 0.309902 0.850404 0.344758 0.771976 0.361825
12 0.769800 0.361578 0.849314 0.346916 0.863976 0.382255 0.784462 0.396917
3 0.176634 0.303034 0.253392 0.323193 0.233234 0.357308 0.156475 0.337149
13 0.153747 0.344368 0.232551 0.360646 0.216272 0.395670 0.137468 0.379392
8 0.672544 0.825271 0.746507 0.849636 0.722143 0.882508 0.648180 0.858144
8 0.219375 0.838503 0.296877 0.819651 0.315729 0.854096 0.238227 0.872949
10 0.579243 0.757758 0.661743 0.757758 0.661743 0.794424 0.579243 0.794424
11 0.311691 0.759655 0.394191 0.759655 0.394191 0.796322 0.311691 0.796322
1 0.387449 0.356095 0.637448 0.356324 0.637219 0.467435 0.387219 0.467206
7 0.419838 0.173432 0.495628 0.195160 0.473900 0.228845 0.398110 0.207117
6 0.561954 0.241029 0.573325 0.186554 0.627800 0.191608 0.616429 0.246083
