7 0.439562 0.262975 0.483605 0.309481 0.437098 0.329056 0.393056 0.282549
4 0.627119 0.429238 0.709354 0.433644 0.704949 0.470193 0.622714 0.465787
5 0.374310 0.423792 0.456810 0.423792 0.456810 0.460459 0.374310 0.460459
9 0.311160 0.708493 0.344378 0.658148 0.394722 0.672911 0.361505 0.723256
8 0.723178 0.652478 0.756096 0.702910 0.705664 0.717541 0.672746 0.667109
4 0.757864 0.457643 0.836495 0.440997 0.853141 0.475944 0.774511 0.492590
12 0.776903 0.497970 0.853469 0.477488 0.873951 0.511518 0.797385 0.531999
3 0.176757 0.395472 0.255407 0.412076 0.238803 0.447032 0.160152 0.430428
13 0.156433 0.434093 0.233396 0.453903 0.213586 0.488108 0.136623 0.468299
15 0.248158 0.914798 0.329818 0.922625 0.321991 0.958918 0.240331 0.951091
14 0.616481 0.928882 0.698981 0.928882 0.698981 0.965549 0.616481 0.965549
10 0.617683 0.889974 0.700183 0.889974 0.700183 0.926640 0.617683 0.926640
11 0.257159 0.875953 0.338850 0.883639 0.331164 0.919946 0.249473 0.912260
1 0.401447 0.450348 0.651319 0.455676 0.645991 0.566730 0.396119 0.561402
