7 0.439562 0.262975 0.483605 0.309481 0.437098 0.329056 0.393056 0.282549
4 0.627119 0.429238 0.709354 0.433644 0.704949 0.470193 0.622714 0.465787
5 0.374310 0.423792 0.456810 0.423792 0.456810 0.460459 0.374310 0.460459
9 0.311160 0.708493 0.344378 0.658148 0.394722 0.672911 0.361505 0.723256
8 0.723178 0.652478 0.756096 0.702910 0.705664 0.717541 0.672746 0.667109
4 0.757864 0.457643 0.836495 0.440997 0.853141 0.475944 0.774511 0.492590
12 0.778529 0.494027 0.858303 0.480005 0.872325 0.515461 0.792551 0.529482
3 0.176757 0.395472 0.255407 0.412076 0.238803 0.447032 0.160152 0.430428
13 0.152766 0.435995 0.232173 0.450915 0.217253 0.486206 0.137846 0.471287
15 0.261945 0.888756 0.343605 0.896583 0.335778 0.932876 0.254118 0.925049
14 0.653247 0.890585 0.735747 0.890585 0.735747 0.927252 0.653247 0.927252
10 0.647555 0.831762 0.730055 0.831762 0.730055 0.868428 0.647555 0.868428
11 0.273244 0.829996 0.354935 0.837682 0.347249 0.873989 0.265558 0.866303
1 0.401447 0.450348 0.651319 0.455676 0.645991 0.566730 0.396119 0.561402
