4 0.565012 0.406714 0.647512 0.406714 0.647512 0.443381 0.565012 0.443381
5 0.340154 0.410509 0.422654 0.410509 0.422654 0.447176 0.340154 0.447176
2 0.732742 0.389334 0.814626 0.382622 0.821337 0.419015 0.739454 0.425727
12 0.737039 0.431200 0.818061 0.420836 0.828426 0.456845 0.747404 0.467210
3 0.206378 0.385841 0.288878 0.385841 0.288878 0.422508 0.206378 0.422508
13 0.203532 0.418099 0.286032 0.418099 0.286032 0.454766 0.203532 0.454766
15 0.276781 0.822235 0.359066 0.826204 0.355097 0.862775 0.272812 0.858806
14 0.587782 0.824171 0.670282 0.824171 0.670282 0.860838 0.587782 0.860838
10 0.593475 0.753963 0.675975 0.753963 0.675975 0.790629 0.593475 0.790629
11 0.288191 0.767185 0.370471 0.771198 0.366458 0.807767 0.284178 0.803754
6 0.579785 0.327325 0.599366 0.282568 0.644124 0.291270 0.624543 0.336028
1 0.370256 0.456778 0.620256 0.456778 0.620256 0.567890 0.370256 0.567890
