4 0.565012 0.406714 0.647512 0.406714 0.647512 0.443381 0.565012 0.443381
5 0.340154 0.410509 0.422654 0.410509 0.422654 0.447176 0.340154 0.447176
2 0.709972 0.387436 0.791856 0.380724 0.798567 0.417117 0.716684 0.423829
12 0.723783 0.421742 0.806041 0.425950 0.801834 0.462508 0.719576 0.458301
3 0.189300 0.383943 0.271800 0.383943 0.271800 0.420610 0.189300 0.420610
13 0.189301 0.418099 0.271801 0.418099 0.271801 0.454766 0.189301 0.454766
15 0.288166 0.820337 0.370451 0.824306 0.366482 0.860877 0.284197 0.856908
14 0.619091 0.820376 0.701591 0.820376 0.701591 0.857043 0.619091 0.857043
10 0.636169 0.742578 0.718669 0.742578 0.718669 0.779244 0.636169 0.779244
6 0.566729 0.326758 0.598604 0.285261 0.640103 0.299427 0.608227 0.340925
1 0.370256 0.456778 0.620256 0.456778 0.620256 0.567890 0.370256 0.567890
11 0.291767 0.742577 0.374267 0.742577 0.374267 0.779244 0.291767 0.779244
7 0.381640 0.286782 0.420371 0.325985 0.381168 0.343199 0.342437 0.303996
