4 0.579243 0.389636 0.661743 0.389636 0.661743 0.426303 0.579243 0.426303
2 0.712600 0.364046 0.791703 0.348425 0.807324 0.383582 0.728221 0.399203
12 0.729200 0.397402 0.807444 0.379967 0.824880 0.414742 0.746635 0.432178
3 0.204984 0.359314 0.285420 0.371540 0.273195 0.407289 0.192759 0.395064
13 0.194540 0.394788 0.274475 0.408395 0.260868 0.443922 0.180933 0.430315
10 0.619579 0.763396 0.702079 0.763396 0.702079 0.800062 0.619579 0.800062
11 0.303152 0.761553 0.385652 0.761553 0.385652 0.798219 0.303152 0.798219
14 0.627630 0.837454 0.710130 0.837454 0.710130 0.874121 0.627630 0.874121
15 0.290192 0.834345 0.372610 0.836805 0.370149 0.873435 0.287732 0.870975
1 0.390180 0.437803 0.640180 0.437803 0.640180 0.548914 0.390180 0.548914
5 0.328769 0.387739 0.411269 0.387739 0.411269 0.424405 0.328769 0.424405
6 0.559469 0.336014 0.583327 0.283364 0.635977 0.293967 0.612119 0.346617
