4 0.567858 0.414304 0.650358 0.414304 0.650358 0.450971 0.567858 0.450971
5 0.357232 0.410509 0.439732 0.410509 0.439732 0.447176 0.357232 0.447176
2 0.730098 0.431383 0.812598 0.431383 0.812598 0.468049 0.730098 0.468049
12 0.730097 0.471231 0.812597 0.471231 0.812597 0.507897 0.730097 0.507897
3 0.175119 0.406003 0.257222 0.411398 0.251826 0.447887 0.169724 0.442492
13 0.171445 0.442748 0.253734 0.446675 0.249808 0.483248 0.167518 0.479321
14 0.638020 0.822694 0.716061 0.804859 0.733897 0.839545 0.655855 0.857380
15 0.307525 0.806568 0.382071 0.830130 0.358510 0.863262 0.283963 0.839700
1 0.378795 0.437803 0.628795 0.437803 0.628795 0.548914 0.378795 0.548914
10 0.620454 0.742259 0.702823 0.739159 0.705922 0.775768 0.623553 0.778867
11 0.314367 0.742749 0.396865 0.742406 0.397208 0.779072 0.314710 0.779415
8 0.714024 0.701044 0.794839 0.689983 0.805900 0.725901 0.725085 0.736962
9 0.190827 0.653849 0.273209 0.656785 0.270273 0.693400 0.187891 0.690463
