4 0.610553 0.416202 0.693053 0.416202 0.693053 0.452868 0.610553 0.452868
5 0.317384 0.410509 0.399884 0.410509 0.399884 0.447176 0.317384 0.447176
2 0.727977 0.439280 0.802477 0.415654 0.826103 0.448765 0.751603 0.472391
12 0.748051 0.476584 0.823239 0.453946 0.845877 0.487363 0.770689 0.510001
3 0.180208 0.438492 0.260199 0.451953 0.246737 0.487505 0.166746 0.474043
13 0.171486 0.476553 0.251577 0.489749 0.238381 0.525344 0.158291 0.512149
9 0.220610 0.839352 0.303110 0.839352 0.303110 0.876018 0.220610 0.876018
8 0.730154 0.810172 0.812254 0.815578 0.806848 0.852067 0.724748 0.846661
11 0.328769 0.826069 0.411269 0.826069 0.411269 0.862736 0.328769 0.862736
10 0.616245 0.831762 0.698745 0.831762 0.698745 0.868428 0.616245 0.868428
1 0.375949 0.437803 0.625949 0.437803 0.625949 0.548914 0.375949 0.548914
