4 0.607707 0.416202 0.690207 0.416202 0.690207 0.452868 0.607707 0.452868
5 0.337308 0.416202 0.419808 0.416202 0.419808 0.452869 0.337308 0.452869
2 0.722284 0.435485 0.796784 0.411859 0.820410 0.444970 0.745910 0.468596
12 0.748051 0.476584 0.823239 0.453946 0.845877 0.487363 0.770689 0.510001
3 0.177362 0.430902 0.257353 0.444363 0.243891 0.479915 0.163900 0.466453
13 0.171486 0.468963 0.251577 0.482159 0.238381 0.517754 0.158291 0.504559
9 0.246816 0.813705 0.327229 0.801411 0.339522 0.837149 0.259110 0.849443
8 0.755771 0.791197 0.837871 0.796603 0.832465 0.833092 0.750365 0.827686
11 0.351539 0.765348 0.434039 0.765348 0.434039 0.802015 0.351539 0.802015
1 0.398719 0.451086 0.648719 0.451086 0.648719 0.562197 0.398719 0.562197
10 0.644708 0.759655 0.727208 0.759655 0.727208 0.796322 0.644708 0.796322
14 0.637942 0.822512 0.720285 0.825901 0.716897 0.862498 0.634553 0.859109
15 0.357232 0.822274 0.439732 0.822274 0.439732 0.858941 0.357232 0.858941
