4 0.567858 0.389636 0.650358 0.389636 0.650358 0.426303 0.567858 0.426303
5 0.348693 0.389636 0.431193 0.389636 0.431193 0.426303 0.348693 0.426303
2 0.727251 0.412406 0.809751 0.412406 0.809751 0.449073 0.727251 0.449073
12 0.724406 0.446563 0.806906 0.446563 0.806906 0.483229 0.724406 0.483229
3 0.194350 0.400887 0.276613 0.405056 0.272443 0.441618 0.190181 0.437448
13 0.189300 0.438972 0.271800 0.438972 0.271800 0.475639 0.189300 0.475639
9 0.198398 0.796682 0.278777 0.784292 0.291167 0.820016 0.210787 0.832406
8 0.743315 0.797792 0.825648 0.801290 0.822150 0.837882 0.739817 0.834384
11 0.304452 0.786881 0.386866 0.789394 0.384352 0.826023 0.301939 0.823509
10 0.633323 0.791913 0.715823 0.791913 0.715823 0.828580 0.633323 0.828580
14 0.619092 0.856429 0.701592 0.856429 0.701592 0.893096 0.619092 0.893096
15 0.297311 0.850189 0.379463 0.855235 0.374416 0.891747 0.292264 0.886701
1 0.375949 0.422623 0.625949 0.422623 0.625949 0.533734 0.375949 0.533734
