4 0.567858 0.389636 0.650358 0.389636 0.650358 0.426303 0.567858 0.426303
5 0.348693 0.389636 0.431193 0.389636 0.431193 0.426303 0.348693 0.426303
2 0.710173 0.410508 0.792673 0.410508 0.792673 0.447175 0.710173 0.447175
12 0.713021 0.450358 0.795521 0.450358 0.795521 0.487024 0.713021 0.487024
3 0.194350 0.400887 0.276613 0.405056 0.272443 0.441618 0.190181 0.437448
13 0.189300 0.438972 0.271800 0.438972 0.271800 0.475639 0.189300 0.475639
9 0.198398 0.796682 0.278777 0.784292 0.291167 0.820016 0.210787 0.832406
8 0.743315 0.797792 0.825648 0.801290 0.822150 0.837882 0.739817 0.834384
11 0.301606 0.773598 0.384020 0.776111 0.381506 0.812740 0.299093 0.810226
10 0.636169 0.771040 0.718669 0.771040 0.718669 0.807707 0.636169 0.807707
14 0.633323 0.839351 0.715823 0.839351 0.715823 0.876018 0.633323 0.876018
15 0.311542 0.835009 0.393694 0.840055 0.388647 0.876567 0.306495 0.871521
1 0.375949 0.422623 0.625949 0.422623 0.625949 0.533734 0.375949 0.533734
