4 0.567858 0.389636 0.650358 0.389636 0.650358 0.426303 0.567858 0.426303
5 0.348693 0.389636 0.431193 0.389636 0.431193 0.426303 0.348693 0.426303
2 0.724404 0.406713 0.806904 0.406713 0.806904 0.443380 0.724404 0.443380
12 0.727252 0.444665 0.809752 0.444665 0.809752 0.481331 0.727252 0.481331
3 0.202889 0.398989 0.285152 0.403158 0.280982 0.439720 0.198720 0.435550
13 0.198845 0.437506 0.280668 0.444534 0.273641 0.480900 0.191817 0.473872
9 0.198398 0.796682 0.278777 0.784292 0.291167 0.820016 0.210787 0.832406
8 0.743315 0.797792 0.825648 0.801290 0.822150 0.837882 0.739817 0.834384
11 0.318684 0.792573 0.401098 0.795086 0.398584 0.831715 0.316171 0.829201
10 0.641862 0.790015 0.724362 0.790015 0.724362 0.826682 0.641862 0.826682
14 0.624784 0.862121 0.707284 0.862121 0.707284 0.898788 0.624784 0.898788
15 0.297311 0.857779 0.379463 0.862825 0.374416 0.899337 0.292264 0.894291
1 0.373103 0.416930 0.623103 0.416930 0.623103 0.528041 0.373103 0.528041
