4 0.567858 0.389636 0.650358 0.389636 0.650358 0.426303 0.567858 0.426303
5 0.348693 0.389636 0.431193 0.389636 0.431193 0.426303 0.348693 0.426303
2 0.724404 0.406713 0.806904 0.406713 0.806904 0.443380 0.724404 0.443380
12 0.727252 0.444665 0.809752 0.444665 0.809752 0.481331 0.727252 0.481331
3 0.202889 0.398989 0.285152 0.403158 0.280982 0.439720 0.198720 0.435550
13 0.198845 0.437506 0.280668 0.444534 0.273641 0.480900 0.191817 0.473872
9 0.182799 0.801935 0.264367 0.793691 0.272610 0.829944 0.191042 0.838187
8 0.731930 0.786407 0.814263 0.789905 0.810765 0.826497 0.728432 0.822999
11 0.301606 0.779290 0.384020 0.781803 0.381506 0.818432 0.299093 0.815918
10 0.636169 0.774835 0.718669 0.774835 0.718669 0.811502 0.636169 0.811502
14 0.621938 0.843146 0.704438 0.843146 0.704438 0.879813 0.621938 0.879813
15 0.291618 0.840701 0.373770 0.845747 0.368723 0.882259 0.286571 0.877213
1 0.390181 0.418828 0.640181 0.418828 0.640181 0.529939 0.390181 0.529939
