4 0.593475 0.387739 0.675975 0.387739 0.675975 0.424405 0.593475 0.424405
5 0.343000 0.393431 0.425500 0.393431 0.425500 0.430098 0.343000 0.430098
2 0.740056 0.370212 0.821211 0.360322 0.831101 0.396391 0.749946 0.406281
3 0.186454 0.389636 0.268954 0.389636 0.268954 0.426303 0.186454 0.426303
13 0.192147 0.431382 0.274647 0.431382 0.274647 0.468049 0.192147 0.468049
12 0.750731 0.407424 0.831266 0.395492 0.843197 0.431286 0.762662 0.443217
11 0.260458 0.761553 0.342958 0.761553 0.342958 0.798219 0.260458 0.798219
10 0.613399 0.753963 0.695899 0.753963 0.695899 0.790629 0.613399 0.790629
14 0.634337 0.828165 0.715159 0.817129 0.726195 0.853050 0.645373 0.864086
15 0.260458 0.833659 0.342958 0.833659 0.342958 0.870326 0.260458 0.870326
1 0.381641 0.426418 0.631641 0.426418 0.631641 0.537529 0.381641 0.537529
