4 0.539395 0.390144 0.621895 0.390144 0.621895 0.426811 0.539395 0.426811
5 0.300485 0.391669 0.382985 0.391669 0.382985 0.428335 0.300485 0.428335
2 0.729298 0.372528 0.809440 0.359473 0.822496 0.395091 0.742354 0.408147
12 0.743306 0.411263 0.823002 0.397045 0.837220 0.432465 0.757524 0.446683
3 0.146606 0.395329 0.229106 0.395329 0.229106 0.431996 0.146606 0.431996
13 0.149721 0.431561 0.232221 0.431561 0.232221 0.468228 0.149721 0.468228
1 0.341032 0.417572 0.591032 0.417572 0.591032 0.528683 0.341032 0.528683
10 0.601252 0.779647 0.683752 0.779647 0.683752 0.816313 0.601252 0.816313
11 0.270319 0.782934 0.352819 0.782934 0.352819 0.819600 0.270319 0.819600
14 0.614702 0.860213 0.696736 0.854376 0.702574 0.890835 0.620540 0.896673
15 0.265769 0.857191 0.348269 0.857191 0.348269 0.893858 0.265769 0.893858
