4 0.607706 0.399124 0.690206 0.399124 0.690206 0.435791 0.607706 0.435791
5 0.368617 0.401022 0.451117 0.401022 0.451117 0.437688 0.368617 0.437688
2 0.732880 0.387816 0.812396 0.373157 0.827055 0.408497 0.747540 0.423156
12 0.751000 0.424560 0.831307 0.411963 0.843904 0.447655 0.763597 0.460252
3 0.207325 0.374819 0.288012 0.386284 0.276546 0.422145 0.195859 0.410680
13 0.208109 0.412271 0.288401 0.424909 0.275762 0.460595 0.195470 0.447956
11 0.307442 0.830124 0.388518 0.830124 0.388518 0.866158 0.307442 0.866158
15 0.309088 0.872368 0.391588 0.872368 0.391588 0.909034 0.309088 0.909034
10 0.613930 0.829242 0.693701 0.815213 0.707730 0.850667 0.627959 0.864696
14 0.628016 0.870742 0.709417 0.861794 0.718365 0.897972 0.636964 0.906921
1 0.412951 0.413135 0.662951 0.413135 0.662951 0.524246 0.412951 0.524246
