4 0.539395 0.393431 0.621895 0.393431 0.621895 0.430098 0.539395 0.430098
5 0.283228 0.404817 0.365728 0.404817 0.365728 0.441483 0.283228 0.441483
2 0.721902 0.375815 0.802044 0.362760 0.815100 0.398378 0.734958 0.411434
12 0.738622 0.420139 0.818318 0.405921 0.832536 0.441341 0.752840 0.455559
3 0.146606 0.395329 0.229106 0.395329 0.229106 0.431996 0.146606 0.431996
13 0.155145 0.435177 0.237645 0.435177 0.237645 0.471844 0.155145 0.471844
1 0.336101 0.434008 0.586101 0.434008 0.586101 0.545119 0.336101 0.545119
10 0.596321 0.786221 0.678821 0.786221 0.678821 0.822887 0.596321 0.822887
11 0.260458 0.786221 0.342958 0.786221 0.342958 0.822887 0.260458 0.822887
14 0.622098 0.865144 0.704132 0.859307 0.709970 0.895766 0.627936 0.901604
15 0.263304 0.862122 0.345804 0.862122 0.345804 0.898789 0.263304 0.898789
