4 0.576397 0.366866 0.658897 0.366866 0.658897 0.403533 0.576397 0.403533
5 0.308845 0.370661 0.391345 0.370661 0.391345 0.407328 0.308845 0.407328
2 0.744930 0.367787 0.818754 0.343236 0.843305 0.376046 0.769481 0.400597
12 0.765465 0.403264 0.841867 0.382513 0.862619 0.416470 0.786216 0.437221
3 0.148129 0.395323 0.228529 0.407654 0.216197 0.443387 0.135798 0.431056
13 0.140231 0.430956 0.221637 0.439884 0.212710 0.476064 0.131304 0.467137
8 0.708704 0.748581 0.787553 0.764762 0.771372 0.799806 0.692523 0.783625
15 0.250976 0.848601 0.332484 0.857109 0.323976 0.893334 0.242469 0.884827
14 0.615038 0.855647 0.696352 0.846354 0.705645 0.882493 0.624331 0.891786
11 0.245806 0.782103 0.328021 0.786670 0.323454 0.823210 0.241239 0.818643
10 0.593250 0.793540 0.675123 0.786770 0.681892 0.823158 0.600020 0.829928
1 0.358871 0.399852 0.608871 0.399852 0.608871 0.510964 0.358871 0.510964
