4 0.576397 0.366866 0.658897 0.366866 0.658897 0.403533 0.576397 0.403533
5 0.308845 0.370661 0.391345 0.370661 0.391345 0.407328 0.308845 0.407328
2 0.733139 0.370931 0.806963 0.346380 0.831514 0.379190 0.757690 0.403741
12 0.758390 0.406408 0.834792 0.385657 0.855544 0.419614 0.779141 0.440365
3 0.157562 0.395323 0.237962 0.407654 0.225630 0.443387 0.145231 0.431056
13 0.149664 0.430956 0.231070 0.439884 0.222143 0.476064 0.140737 0.467137
8 0.708704 0.748581 0.787553 0.764762 0.771372 0.799806 0.692523 0.783625
15 0.267484 0.889478 0.348992 0.897986 0.340484 0.934211 0.258977 0.925704
14 0.605605 0.888663 0.686919 0.879370 0.696212 0.915509 0.614898 0.924802
11 0.269389 0.851280 0.351604 0.855847 0.347037 0.892387 0.264822 0.887820
10 0.593250 0.850139 0.675123 0.843369 0.681892 0.879757 0.600020 0.886527
1 0.358871 0.399852 0.608871 0.399852 0.608871 0.510964 0.358871 0.510964
