4 0.565012 0.395329 0.647512 0.395329 0.647512 0.431996 0.565012 0.431996
5 0.311691 0.401022 0.394191 0.401022 0.394191 0.437688 0.311691 0.437688
2 0.714690 0.403987 0.796026 0.394779 0.805234 0.430928 0.723898 0.440136
12 0.728006 0.439362 0.810234 0.434908 0.814689 0.471454 0.732460 0.475908
3 0.149452 0.416202 0.231952 0.416202 0.231952 0.452868 0.149452 0.452868
13 0.146606 0.448460 0.229106 0.448460 0.229106 0.485127 0.146606 0.485127
9 0.162006 0.841196 0.242962 0.830604 0.253554 0.866584 0.172598 0.877176
8 0.752502 0.789647 0.834705 0.794311 0.830041 0.830846 0.747838 0.826182
15 0.261658 0.830615 0.344084 0.832941 0.341758 0.869575 0.259332 0.867249
14 0.616270 0.841314 0.696019 0.827227 0.710105 0.862671 0.630357 0.876758
11 0.263282 0.762798 0.345403 0.768067 0.340133 0.804565 0.258013 0.799296
10 0.596687 0.774257 0.676854 0.761271 0.689841 0.796900 0.609673 0.809887
6 0.533825 0.315119 0.557751 0.262483 0.610387 0.273116 0.586462 0.325753
7 0.333181 0.284695 0.393293 0.322365 0.355623 0.349081 0.295511 0.311411
