4 0.561937 0.281868 0.643570 0.289815 0.635619 0.326076 0.553986 0.318130
5 0.286053 0.268909 0.368049 0.274979 0.361975 0.311402 0.279980 0.305331
2 0.793589 0.302145 0.875719 0.296951 0.880916 0.333433 0.798786 0.338628
12 0.802157 0.358195 0.884500 0.354797 0.887900 0.391373 0.805558 0.394772
3 0.151425 0.315414 0.233374 0.321760 0.227023 0.358162 0.145075 0.351815
13 0.147093 0.363122 0.228764 0.370894 0.220987 0.407172 0.139316 0.399400
8 0.718327 0.894372 0.799628 0.903712 0.790283 0.939825 0.708982 0.930485
9 0.120439 0.824819 0.202352 0.831369 0.195799 0.867754 0.113886 0.861205
10 0.568792 0.809827 0.651250 0.811576 0.649501 0.848204 0.567043 0.846455
11 0.270406 0.788846 0.352428 0.794754 0.346517 0.831188 0.264495 0.825280
1 0.336055 0.331464 0.585173 0.345443 0.571185 0.456101 0.322067 0.442121
