4 0.588284 0.396174 0.670784 0.396174 0.670784 0.432841 0.588284 0.432841
5 0.357714 0.394447 0.440214 0.394447 0.440214 0.431114 0.357714 0.431114
2 0.677206 0.402007 0.755755 0.385190 0.772572 0.420101 0.694023 0.436917
12 0.692956 0.432307 0.772880 0.418670 0.786516 0.454192 0.706592 0.467828
3 0.186735 0.375033 0.268163 0.383870 0.259326 0.420061 0.177898 0.411223
13 0.173123 0.418961 0.255514 0.421796 0.252678 0.458414 0.170288 0.455579
10 0.640097 0.751960 0.722597 0.751960 0.722597 0.788627 0.640097 0.788627
14 0.637506 0.825916 0.720006 0.825916 0.720006 0.862583 0.637506 0.862583
11 0.352444 0.737760 0.433421 0.748282 0.422898 0.784272 0.341922 0.773749
1 0.387953 0.417674 0.637953 0.417674 0.637953 0.528785 0.387953 0.528785
