4 0.567897 0.389276 0.650397 0.389276 0.650397 0.425922 0.567897 0.425922
5 0.332014 0.391003 0.414514 0.391003 0.414514 0.427650 0.332014 0.427650
2 0.718239 0.410002 0.800739 0.410002 0.800739 0.446648 0.718239 0.446648
12 0.723930 0.447501 0.806416 0.448501 0.805417 0.485141 0.722930 0.484142
3 0.163527 0.425546 0.246027 0.425546 0.246027 0.462192 0.163527 0.462192
13 0.166119 0.465269 0.248619 0.465269 0.248619 0.501916 0.166119 0.501916
8 0.746752 0.827964 0.829252 0.827964 0.829252 0.864610 0.746752 0.864610
9 0.135351 0.842765 0.216020 0.831247 0.227544 0.867080 0.146876 0.878598
15 0.267211 0.853870 0.349711 0.853870 0.349711 0.890517 0.267211 0.890517
14 0.645660 0.852143 0.728160 0.852143 0.728160 0.888789 0.645660 0.888789
10 0.637884 0.769242 0.720384 0.769242 0.720384 0.805888 0.637884 0.805888
11 0.285356 0.774423 0.367856 0.774423 0.367856 0.811069 0.285356 0.811069
1 0.359725 0.434976 0.609725 0.434976 0.609725 0.546026 0.359725 0.546026
