4 0.545088 0.404817 0.627588 0.404817 0.627588 0.441483 0.545088 0.441483
5 0.297460 0.402919 0.379960 0.402919 0.379960 0.439586 0.297460 0.439586
2 0.693095 0.438972 0.775595 0.438972 0.775595 0.475639 0.693095 0.475639
12 0.693095 0.471230 0.775595 0.471230 0.775595 0.507897 0.693095 0.507897
3 0.135221 0.437075 0.217721 0.437075 0.217721 0.473741 0.135221 0.473741
13 0.132374 0.473128 0.214874 0.473128 0.214874 0.509794 0.132374 0.509794
11 0.277840 0.795407 0.360335 0.796012 0.359731 0.832676 0.277236 0.832072
10 0.658940 0.793811 0.741440 0.793811 0.741440 0.830478 0.658940 0.830478
14 0.658940 0.852634 0.741440 0.852634 0.741440 0.889301 0.658940 0.889301
14 0.283745 0.849485 0.364636 0.860294 0.353827 0.896246 0.272936 0.885437
9 0.155589 0.798781 0.235846 0.786042 0.248585 0.821712 0.168329 0.834451
8 0.780566 0.811678 0.863032 0.810114 0.864596 0.846766 0.782129 0.848330
1 0.347486 0.422623 0.597486 0.422623 0.597486 0.533734 0.347486 0.533734
