4 0.582090 0.399124 0.664590 0.399124 0.664590 0.435791 0.582090 0.435791
5 0.334462 0.395329 0.416962 0.395329 0.416962 0.431996 0.334462 0.431996
2 0.731381 0.422569 0.813797 0.425052 0.811314 0.461681 0.728898 0.459198
12 0.730097 0.461743 0.812597 0.461743 0.812597 0.498409 0.730097 0.498409
3 0.163684 0.442767 0.246184 0.442767 0.246184 0.479434 0.163684 0.479434
13 0.160837 0.482615 0.243337 0.482615 0.243337 0.519282 0.160837 0.519282
9 0.155877 0.813202 0.238100 0.808698 0.242604 0.845242 0.160382 0.849746
15 0.300712 0.872042 0.383212 0.872042 0.383212 0.908709 0.300712 0.908709
11 0.304940 0.835500 0.387440 0.835500 0.387440 0.872167 0.304940 0.872167
1 0.373102 0.426418 0.623102 0.426418 0.623102 0.537529 0.373102 0.537529
