4 0.593465 0.408264 0.675965 0.408264 0.675965 0.444931 0.593465 0.444931
5 0.334398 0.406537 0.416898 0.406537 0.416898 0.443204 0.334398 0.443204
2 0.751431 0.396016 0.818696 0.385832 0.828880 0.415728 0.761614 0.425912
12 0.751762 0.428368 0.832362 0.416638 0.844094 0.452460 0.763492 0.464191
3 0.180010 0.370509 0.259524 0.385171 0.244862 0.420511 0.165347 0.405849
13 0.169260 0.408643 0.250315 0.418891 0.240067 0.454916 0.159012 0.444667
11 0.312592 0.672813 0.394977 0.675718 0.392072 0.712334 0.309687 0.709429
10 0.588284 0.670786 0.670784 0.670786 0.670784 0.707453 0.588284 0.707453
14 0.603255 0.766694 0.682887 0.752318 0.697263 0.787710 0.617632 0.802086
6 0.640536 0.282088 0.685987 0.289041 0.670344 0.334492 0.624893 0.327539
15 0.301196 0.754195 0.382334 0.764149 0.372380 0.800210 0.291242 0.790256
7 0.400673 0.261169 0.432463 0.311922 0.381710 0.326051 0.349920 0.275298
1 0.377591 0.412493 0.627591 0.412493 0.627591 0.523604 0.377591 0.523604
