4 0.559786 0.387538 0.642286 0.387538 0.642286 0.424205 0.559786 0.424205
5 0.342170 0.385811 0.424670 0.385811 0.424670 0.422478 0.342170 0.422478
2 0.725524 0.361474 0.792789 0.351290 0.802973 0.381186 0.735707 0.391370
12 0.725855 0.393826 0.806456 0.382095 0.818187 0.417918 0.737585 0.429649
3 0.192963 0.379144 0.272477 0.393806 0.257815 0.429146 0.178300 0.414484
13 0.189985 0.415551 0.271040 0.425799 0.260792 0.461824 0.179737 0.451575
11 0.287766 0.753687 0.370266 0.753687 0.370266 0.790354 0.287766 0.790354
10 0.603828 0.746779 0.686328 0.746779 0.686328 0.783446 0.603828 0.783446
14 0.593465 0.826226 0.675965 0.826226 0.675965 0.862893 0.593465 0.862893
1 0.359456 0.407311 0.609456 0.407311 0.609456 0.518422 0.359456 0.518422
6 0.592918 0.266694 0.634783 0.280388 0.603972 0.322253 0.562108 0.308559
15 0.287766 0.817591 0.370266 0.817591 0.370266 0.854258 0.287766 0.854258
