4 0.577921 0.375449 0.660421 0.375449 0.660421 0.412116 0.577921 0.412116
5 0.349942 0.378903 0.432442 0.378903 0.432442 0.415570 0.349942 0.415570
2 0.731095 0.364364 0.811754 0.352810 0.823309 0.388658 0.742650 0.400213
12 0.740243 0.402928 0.819408 0.387449 0.834887 0.422634 0.755721 0.438112
3 0.188751 0.357874 0.267677 0.373888 0.251663 0.408966 0.172738 0.392952
13 0.182536 0.395053 0.260438 0.413156 0.242335 0.447780 0.164432 0.429676
11 0.324035 0.741598 0.406535 0.741598 0.406535 0.778264 0.324035 0.778264
10 0.630586 0.740022 0.711697 0.729973 0.721746 0.766023 0.640635 0.776072
14 0.655792 0.806803 0.736280 0.794730 0.748353 0.830502 0.667865 0.842576
15 0.329216 0.812409 0.411716 0.812409 0.411716 0.849076 0.329216 0.849076
1 0.385363 0.409039 0.635363 0.409039 0.635363 0.520150 0.385363 0.520150
7 0.382682 0.260893 0.418242 0.310522 0.368613 0.326326 0.333053 0.276698
6 0.558732 0.302206 0.593447 0.252313 0.643341 0.267742 0.608626 0.317635
