4 0.611600 0.377176 0.694100 0.377176 0.694100 0.413843 0.611600 0.413843
5 0.339579 0.371995 0.422079 0.371995 0.422079 0.408662 0.339579 0.408662
2 0.756662 0.380097 0.838726 0.374449 0.844374 0.410922 0.762310 0.416570
12 0.756751 0.424891 0.838846 0.419451 0.844286 0.455939 0.762190 0.461377
3 0.196478 0.369822 0.278054 0.378033 0.269843 0.414289 0.188268 0.406078
13 0.189988 0.410369 0.271041 0.420619 0.260790 0.456644 0.179736 0.446392
11 0.298128 0.783049 0.380628 0.783049 0.380628 0.819715 0.298128 0.819715
10 0.617383 0.785915 0.699863 0.787098 0.698680 0.823757 0.616199 0.822574
14 0.616972 0.862306 0.699470 0.862686 0.699090 0.899351 0.616592 0.898972
15 0.298128 0.845224 0.380628 0.845224 0.380628 0.881891 0.298128 0.881891
1 0.393135 0.422856 0.643135 0.422856 0.643135 0.533967 0.393135 0.533967
6 0.600599 0.336411 0.614878 0.292821 0.658469 0.299167 0.644190 0.342757
16 0.620267 0.444908 0.702205 0.451318 0.695795 0.487735 0.613857 0.481325
9 0.173776 0.795138 0.256276 0.795138 0.256276 0.831805 0.173776 0.831805
8 0.738941 0.807789 0.820112 0.817620 0.810282 0.853696 0.729110 0.843866
