4 0.588284 0.297729 0.670784 0.297729 0.670784 0.334396 0.588284 0.334396
5 0.323738 0.298029 0.406233 0.297431 0.406832 0.334095 0.324337 0.334694
2 0.756693 0.293792 0.831470 0.270557 0.854706 0.303791 0.779929 0.327026
12 0.777239 0.332166 0.850546 0.312283 0.870430 0.344865 0.797122 0.364746
3 0.157014 0.268426 0.236338 0.283539 0.221225 0.318794 0.141901 0.303680
13 0.142977 0.312510 0.221350 0.329686 0.204173 0.364520 0.125800 0.347342
11 0.287766 0.722600 0.370266 0.722600 0.370266 0.759266 0.287766 0.759266
10 0.627746 0.718558 0.710226 0.719741 0.709043 0.756400 0.626562 0.755217
1 0.393135 0.312320 0.643135 0.312320 0.643135 0.423431 0.393135 0.423431
9 0.108050 0.705520 0.190416 0.708650 0.187287 0.745257 0.104920 0.742127
8 0.795588 0.700097 0.878087 0.700198 0.877987 0.736864 0.795487 0.736764
7 0.407801 0.178280 0.414160 0.233401 0.359039 0.236228 0.352679 0.181106
16 0.580511 0.392721 0.663011 0.392721 0.663011 0.429387 0.580511 0.429387
6 0.585914 0.231040 0.587071 0.176045 0.642066 0.176560 0.640908 0.231554
