4 0.614191 0.277003 0.696691 0.277003 0.696691 0.313670 0.614191 0.313670
5 0.300854 0.275141 0.383353 0.275412 0.383084 0.312078 0.300584 0.311808
2 0.803689 0.282043 0.879881 0.260951 0.900974 0.294814 0.824781 0.315906
12 0.817300 0.317312 0.903533 0.297212 0.923633 0.335540 0.837399 0.355636
3 0.110382 0.258063 0.189706 0.273177 0.174592 0.308431 0.095269 0.293318
13 0.091164 0.293512 0.169537 0.310688 0.152359 0.345521 0.073986 0.328344
11 0.269631 0.758870 0.352131 0.758870 0.352131 0.795536 0.269631 0.795536
10 0.661424 0.758282 0.743904 0.759465 0.742721 0.796124 0.660240 0.794941
1 0.364638 0.307139 0.614638 0.307139 0.614638 0.418250 0.364638 0.418250
9 0.064376 0.754293 0.146857 0.753091 0.148059 0.789748 0.065578 0.790951
8 0.849992 0.753637 0.932491 0.753738 0.932391 0.790404 0.849891 0.790304
7 0.387288 0.152662 0.402518 0.206717 0.348463 0.213486 0.333233 0.159431
16 0.606418 0.390993 0.688918 0.390993 0.688918 0.427659 0.606418 0.427659
6 0.570256 0.210970 0.582619 0.156592 0.636998 0.162087 0.624635 0.216465
