4 0.577921 0.377176 0.660421 0.377176 0.660421 0.413843 0.577921 0.413843
5 0.311082 0.380630 0.393582 0.380630 0.393582 0.417297 0.311082 0.417297
2 0.759501 0.409426 0.840070 0.397598 0.851898 0.433407 0.771328 0.445234
12 0.776143 0.443962 0.857592 0.435210 0.866344 0.471410 0.784895 0.480161
3 0.141268 0.410164 0.220712 0.424994 0.205883 0.460302 0.126438 0.445473
13 0.126667 0.443988 0.208191 0.452421 0.199758 0.488655 0.118233 0.480221
9 0.141421 0.832094 0.219941 0.815218 0.236817 0.850116 0.158297 0.866992
8 0.792405 0.812237 0.874698 0.816128 0.870807 0.852703 0.788514 0.848812
14 0.642688 0.862496 0.725188 0.862496 0.725188 0.899162 0.642688 0.899162
15 0.282584 0.872858 0.365084 0.872858 0.365084 0.909525 0.282584 0.909525
10 0.634916 0.793411 0.717416 0.793411 0.717416 0.830078 0.634916 0.830078
11 0.277403 0.812409 0.359903 0.812409 0.359903 0.849076 0.277403 0.849076
1 0.380181 0.407311 0.630181 0.407311 0.630181 0.518423 0.380181 0.518423
