8 0.804871 0.792015 0.882384 0.810839 0.863548 0.845290 0.786036 0.826466
9 0.115005 0.791872 0.197315 0.788127 0.201054 0.824708 0.118745 0.828454
4 0.596410 0.375459 0.678910 0.375459 0.678910 0.412106 0.596410 0.412106
5 0.332014 0.375459 0.414514 0.375459 0.414514 0.412106 0.332014 0.412106
1 0.380462 0.396980 0.630462 0.396980 0.630462 0.508029 0.380462 0.508029
11 0.285356 0.784786 0.367856 0.784786 0.367856 0.821432 0.285356 0.821432
14 0.617147 0.855597 0.699647 0.855597 0.699647 0.892244 0.617147 0.892244
15 0.287948 0.855597 0.370448 0.855597 0.370448 0.892244 0.287948 0.892244
10 0.611962 0.789967 0.694462 0.789967 0.694462 0.826613 0.611962 0.826613
2 0.754028 0.406644 0.835891 0.399826 0.842713 0.436189 0.760850 0.443007
12 0.766173 0.449235 0.847585 0.440336 0.856489 0.476499 0.775078 0.485398
3 0.181412 0.395714 0.260139 0.412149 0.243694 0.447119 0.164968 0.430684
13 0.172399 0.427489 0.251885 0.442212 0.237154 0.477519 0.157669 0.462797
