0 0.375000 0.127519 0.625000 0.127519 0.625000 0.238630 0.375000 0.238630
17 0.461341 0.054206 0.543841 0.054206 0.543841 0.090872 0.461341 0.090872
8 0.777601 0.683887 0.856034 0.700943 0.838979 0.735802 0.760546 0.718746
9 0.121950 0.682518 0.196593 0.659092 0.220019 0.692266 0.145376 0.715692
11 0.243724 0.667332 0.326224 0.667332 0.326224 0.703998 0.243724 0.703998
10 0.642688 0.663877 0.725188 0.663877 0.725188 0.700544 0.642688 0.700544
2 0.808917 0.200714 0.885259 0.179864 0.906109 0.213794 0.829767 0.234644
12 0.833219 0.230854 0.911900 0.214315 0.928439 0.249284 0.849758 0.265824
3 0.102063 0.172832 0.178194 0.194022 0.157004 0.227858 0.080873 0.206668
13 0.077716 0.214326 0.156411 0.230837 0.139901 0.265812 0.061206 0.249302
