4 0.598646 0.268368 0.681146 0.268368 0.681146 0.305035 0.598646 0.305035
5 0.292947 0.266641 0.375447 0.266641 0.375447 0.303307 0.292947 0.303307
7 0.420311 0.125913 0.461529 0.173557 0.413886 0.191876 0.372667 0.144233
6 0.527790 0.176575 0.570053 0.129340 0.617288 0.148123 0.575025 0.195358
2 0.798348 0.278187 0.878905 0.266321 0.890771 0.302124 0.810214 0.313990
12 0.807922 0.319363 0.887559 0.305000 0.901922 0.340395 0.822285 0.354758
3 0.117909 0.266838 0.197379 0.281608 0.182609 0.316927 0.103139 0.302158
13 0.104138 0.303863 0.182497 0.321068 0.165293 0.355895 0.086933 0.338690
9 0.101237 0.700147 0.183737 0.700147 0.183737 0.736813 0.101237 0.736813
8 0.808491 0.698420 0.890991 0.698420 0.890991 0.735086 0.808491 0.735086
16 0.596056 0.354724 0.678556 0.354724 0.678556 0.391390 0.596056 0.391390
11 0.277403 0.719145 0.359903 0.719145 0.359903 0.755812 0.277403 0.755812
10 0.645278 0.719145 0.727778 0.719145 0.727778 0.755812 0.645278 0.755812
1 0.369819 0.295049 0.619819 0.295049 0.619819 0.406160 0.369819 0.406160
