4 0.565441 0.350213 0.652694 0.350213 0.652694 0.388992 0.565441 0.388992
5 0.295538 0.351269 0.378038 0.351269 0.378038 0.387936 0.295538 0.387936
7 0.372844 0.237593 0.422004 0.265602 0.393995 0.287451 0.344835 0.259442
2 0.736172 0.373178 0.816729 0.361312 0.828595 0.397115 0.748038 0.408981
12 0.745160 0.409268 0.826674 0.400790 0.835151 0.437019 0.753637 0.445496
3 0.138628 0.396826 0.221064 0.399005 0.218885 0.435643 0.136449 0.433464
13 0.137691 0.434937 0.216483 0.441961 0.209459 0.476980 0.130667 0.469956
9 0.170782 0.796833 0.252689 0.790253 0.259270 0.826656 0.177362 0.833236
8 0.720370 0.678582 0.800497 0.691678 0.787402 0.727290 0.707275 0.714195
16 0.575330 0.423808 0.657830 0.423808 0.657830 0.460475 0.575330 0.460475
11 0.299137 0.606846 0.381487 0.603532 0.384801 0.640132 0.302451 0.643446
10 0.588300 0.605139 0.670800 0.605171 0.670768 0.641838 0.588268 0.641806
1 0.354275 0.369315 0.604275 0.369315 0.604275 0.480426 0.354275 0.480426
6 0.510432 0.264938 0.542862 0.224967 0.582833 0.239380 0.550402 0.279351
15 0.290749 0.695740 0.372829 0.701287 0.367282 0.737766 0.285202 0.732219
14 0.591006 0.704937 0.671474 0.692805 0.683606 0.728569 0.603138 0.740701
