4 0.611600 0.359905 0.694100 0.359905 0.694100 0.396572 0.611600 0.396572
5 0.324035 0.363359 0.406535 0.363359 0.406535 0.400026 0.324035 0.400026
6 0.512656 0.271312 0.583399 0.243015 0.611696 0.274456 0.540953 0.302754
7 0.416285 0.243035 0.493416 0.271907 0.464544 0.306187 0.387413 0.277316
14 0.645278 0.845225 0.727778 0.845225 0.727778 0.881891 0.645278 0.881891
15 0.282584 0.841770 0.365084 0.841770 0.365084 0.878437 0.282584 0.878437
10 0.650460 0.774413 0.732960 0.774413 0.732960 0.811079 0.650460 0.811079
11 0.285175 0.776140 0.367675 0.776140 0.367675 0.812807 0.285175 0.812807
9 0.160823 0.679421 0.243323 0.679421 0.243323 0.716088 0.160823 0.716088
8 0.765713 0.668586 0.847118 0.659655 0.856049 0.695835 0.774644 0.704766
2 0.762048 0.410929 0.844184 0.405762 0.849351 0.442266 0.767215 0.447433
12 0.766926 0.449307 0.848953 0.443425 0.854835 0.479881 0.772809 0.485764
3 0.153133 0.396989 0.233195 0.410260 0.219924 0.445843 0.139862 0.432572
13 0.143967 0.430685 0.224740 0.441879 0.213546 0.477778 0.132773 0.466584
1 0.387953 0.386586 0.637953 0.386586 0.637953 0.497697 0.387953 0.497697
