7 0.411198 0.116810 0.471644 0.139572 0.448882 0.166436 0.388436 0.143676
10 0.610303 0.694716 0.700942 0.695053 0.700605 0.735336 0.609967 0.734999
11 0.279318 0.694579 0.378783 0.694721 0.378638 0.738928 0.279173 0.738786
1 0.329666 0.268168 0.679643 0.267132 0.680680 0.422677 0.330703 0.423713
9 0.112893 0.744909 0.199837 0.725958 0.218794 0.764590 0.131850 0.783542
8 0.767533 0.713058 0.856865 0.736023 0.833894 0.775716 0.744562 0.752751
4 0.615891 0.241423 0.710858 0.241423 0.710858 0.283620 0.615891 0.283620
5 0.291540 0.242380 0.382199 0.242380 0.382199 0.282663 0.291540 0.282663
2 0.782803 0.263459 0.872083 0.239184 0.896364 0.278855 0.807083 0.303130
12 0.814910 0.306445 0.899468 0.284653 0.921265 0.322225 0.836707 0.344017
3 0.107838 0.241929 0.189165 0.264249 0.166840 0.300385 0.085513 0.278066
13 0.088911 0.278942 0.173887 0.298153 0.154672 0.335911 0.069696 0.316700
