4 0.580820 0.367630 0.689324 0.368256 0.688697 0.416480 0.580193 0.415854
5 0.292981 0.362820 0.401221 0.362820 0.401221 0.410927 0.292981 0.410927
1 0.316710 0.390794 0.666687 0.389758 0.667724 0.545303 0.317747 0.546339
10 0.632325 0.786503 0.714825 0.786503 0.714825 0.823169 0.632325 0.823169
11 0.274812 0.795138 0.357312 0.795138 0.357312 0.831805 0.274812 0.831805
14 0.640097 0.871131 0.722597 0.871131 0.722597 0.907798 0.640097 0.907798
15 0.272222 0.871131 0.354722 0.871131 0.354722 0.907798 0.272222 0.907798
9 0.125104 0.842400 0.205969 0.831505 0.216865 0.867445 0.136000 0.878340
8 0.799856 0.812649 0.877241 0.831715 0.858175 0.866108 0.780790 0.847042
2 0.777917 0.431407 0.858750 0.420405 0.869751 0.456331 0.788919 0.467332
12 0.795092 0.476290 0.874892 0.462336 0.888846 0.497803 0.809046 0.511757
3 0.129317 0.407675 0.210819 0.416205 0.202289 0.452428 0.120787 0.443898
13 0.122031 0.447301 0.204192 0.452280 0.199213 0.488796 0.117051 0.483817
