4 0.588592 0.339996 0.697096 0.340622 0.696469 0.388846 0.587965 0.388220
5 0.285209 0.340367 0.393449 0.340367 0.393449 0.388474 0.285209 0.388474
1 0.303757 0.345889 0.653734 0.344853 0.654771 0.500398 0.304794 0.501434
10 0.647869 0.765778 0.730369 0.765778 0.730369 0.802444 0.647869 0.802444
11 0.287765 0.774413 0.370265 0.774413 0.370265 0.811080 0.287765 0.811080
14 0.637506 0.840043 0.720006 0.840043 0.720006 0.876710 0.637506 0.876710
15 0.282585 0.850406 0.365085 0.850406 0.365085 0.887073 0.282585 0.887073
9 0.135467 0.819947 0.216332 0.809052 0.227228 0.844992 0.146363 0.855887
8 0.790557 0.769974 0.870555 0.783418 0.857111 0.818973 0.777113 0.805529
2 0.759782 0.395138 0.840615 0.384136 0.851616 0.420062 0.770784 0.431063
12 0.769185 0.433112 0.848985 0.419158 0.862939 0.454625 0.783139 0.468579
3 0.134498 0.393858 0.216000 0.402388 0.207470 0.438611 0.125968 0.430081
13 0.127212 0.435211 0.209373 0.440190 0.204394 0.476706 0.122232 0.471727
