4 0.603469 0.389256 0.685969 0.389256 0.685969 0.425943 0.603469 0.425943
5 0.300529 0.390983 0.383029 0.390983 0.383029 0.427670 0.300529 0.427670
9 0.139996 0.831397 0.222496 0.831397 0.222496 0.868084 0.139996 0.868084
8 0.787651 0.812996 0.868846 0.822745 0.859102 0.858852 0.777907 0.849103
14 0.639719 0.872848 0.722219 0.872848 0.722219 0.909535 0.639719 0.909535
15 0.279815 0.876302 0.362315 0.876302 0.362315 0.912989 0.279815 0.912989
10 0.634540 0.800309 0.717040 0.800309 0.717040 0.836996 0.634540 0.836996
11 0.282404 0.800309 0.364904 0.800309 0.364904 0.836996 0.282404 0.836996
2 0.749598 0.439165 0.831972 0.436122 0.835013 0.472753 0.752639 0.475795
12 0.761413 0.477339 0.843913 0.477339 0.843913 0.514026 0.761413 0.514026
3 0.163300 0.441069 0.245800 0.441069 0.245800 0.477756 0.163300 0.477756
13 0.160136 0.482840 0.248963 0.482840 0.248963 0.522341 0.160136 0.522341
1 0.356598 0.426279 0.606598 0.426279 0.606598 0.537452 0.356598 0.537452
