4 0.606418 0.344361 0.688918 0.344361 0.688918 0.381028 0.606418 0.381028
5 0.321444 0.349542 0.403944 0.349542 0.403944 0.386209 0.321444 0.386209
10 0.637506 0.765777 0.720006 0.765777 0.720006 0.802444 0.637506 0.802444
11 0.305900 0.774413 0.388400 0.774413 0.388400 0.811079 0.305900 0.811079
15 0.308491 0.857314 0.390991 0.857314 0.390991 0.893981 0.308491 0.893981
14 0.668595 0.845225 0.751095 0.845225 0.751095 0.881891 0.668595 0.881891
3 0.155068 0.366914 0.232245 0.386350 0.212808 0.420651 0.135631 0.401214
13 0.134523 0.403097 0.211568 0.422764 0.191902 0.457006 0.114857 0.437340
2 0.760185 0.385880 0.842516 0.382364 0.846032 0.418956 0.763701 0.422472
12 0.767270 0.429878 0.849418 0.424804 0.854492 0.461314 0.772344 0.466388
1 0.372409 0.393495 0.622409 0.393495 0.622409 0.504606 0.372409 0.504606
8 0.782838 0.639096 0.863428 0.627331 0.875193 0.663149 0.794603 0.674914
9 0.127741 0.578584 0.185034 0.548028 0.219409 0.578584 0.162117 0.609140
