4 0.629734 0.199283 0.712234 0.199283 0.712234 0.235950 0.629734 0.235950
5 0.292947 0.201010 0.375447 0.201010 0.375447 0.237677 0.292947 0.237677
8 0.826626 0.757142 0.909126 0.757142 0.909126 0.793808 0.826626 0.793808
9 0.070149 0.753687 0.152649 0.753687 0.152649 0.790354 0.070149 0.790354
11 0.256677 0.667332 0.339177 0.667332 0.339177 0.703998 0.256677 0.703998
10 0.645278 0.669059 0.727778 0.669059 0.727778 0.705725 0.645278 0.705725
7 0.396566 0.077171 0.471192 0.110732 0.437631 0.143900 0.363004 0.110338
6 0.522924 0.109708 0.598746 0.070756 0.637698 0.104455 0.561876 0.143407
3 0.113417 0.244559 0.206040 0.263498 0.187101 0.304663 0.094479 0.285725
13 0.094917 0.290604 0.188860 0.310131 0.169332 0.351884 0.075389 0.332356
2 0.799189 0.269580 0.895281 0.243843 0.921018 0.286551 0.824926 0.312288
12 0.828275 0.314626 0.919770 0.290651 0.943746 0.331315 0.852251 0.355291
1 0.372409 0.225964 0.622409 0.225964 0.622409 0.337075 0.372409 0.337075
