4 0.614190 0.275276 0.696690 0.275276 0.696690 0.311943 0.614190 0.311943
5 0.287766 0.275275 0.370266 0.275275 0.370266 0.311942 0.287766 0.311942
8 0.810870 0.811957 0.893094 0.816439 0.888612 0.852983 0.806387 0.848501
9 0.078308 0.816558 0.160505 0.811849 0.165216 0.848381 0.083018 0.853089
11 0.267040 0.712237 0.349540 0.712237 0.349540 0.748903 0.267040 0.748903
10 0.629734 0.708782 0.712234 0.708782 0.712234 0.745448 0.629734 0.745448
3 0.121872 0.306005 0.216952 0.318404 0.204552 0.360661 0.109474 0.348262
13 0.106579 0.348162 0.202726 0.362129 0.188758 0.404862 0.092610 0.390893
2 0.763814 0.298192 0.862096 0.276434 0.883853 0.320114 0.785572 0.341873
12 0.785266 0.337822 0.879083 0.318235 0.898670 0.359931 0.804855 0.379520
1 0.369818 0.284687 0.619818 0.284687 0.619818 0.395798 0.369818 0.395798
7 0.403522 0.142118 0.471855 0.172935 0.441038 0.203305 0.372705 0.172488
6 0.512975 0.175044 0.575478 0.139145 0.611377 0.166924 0.548874 0.202823
