4 0.583102 0.365086 0.665602 0.365086 0.665602 0.401753 0.583102 0.401753
5 0.311082 0.365085 0.393582 0.365085 0.393582 0.401752 0.311082 0.401752
8 0.679679 0.823113 0.760707 0.833448 0.750373 0.869461 0.669344 0.859126
11 0.267040 0.784775 0.349540 0.784775 0.349540 0.821441 0.267040 0.821441
10 0.564967 0.789956 0.647467 0.789956 0.647467 0.826622 0.564967 0.826622
3 0.165581 0.419553 0.261732 0.411633 0.269651 0.454367 0.173502 0.462286
13 0.170350 0.461931 0.268182 0.454866 0.275246 0.498347 0.177413 0.505411
2 0.710962 0.401713 0.814416 0.398594 0.817535 0.444572 0.714082 0.447693
12 0.722275 0.443349 0.820568 0.442152 0.821765 0.485838 0.723473 0.487037
1 0.369818 0.388314 0.619818 0.388314 0.619818 0.499425 0.369818 0.499425
7 0.399371 0.260845 0.471675 0.287331 0.445189 0.319466 0.372886 0.292980
6 0.497207 0.282393 0.569215 0.255551 0.596057 0.287555 0.524049 0.314397
15 0.269631 0.862495 0.352131 0.862495 0.352131 0.899162 0.269631 0.899162
14 0.557196 0.853860 0.639696 0.853860 0.639696 0.890527 0.557196 0.890527
