4 0.596046 0.396174 0.678546 0.396174 0.678546 0.432841 0.596046 0.432841
5 0.313682 0.392719 0.396182 0.392719 0.396182 0.429386 0.313682 0.429386
11 0.272251 0.803774 0.354751 0.803774 0.354751 0.840440 0.272251 0.840440
10 0.647850 0.807227 0.730350 0.807227 0.730350 0.843893 0.647850 0.843893
3 0.158262 0.458429 0.254964 0.462318 0.251058 0.505300 0.154358 0.501411
13 0.152349 0.501290 0.262460 0.506764 0.256968 0.555705 0.146858 0.550231
2 0.738747 0.443956 0.842061 0.439306 0.846738 0.485230 0.743426 0.489882
12 0.746378 0.490257 0.844379 0.485174 0.849488 0.528739 0.751488 0.533825
1 0.372418 0.450490 0.622418 0.450490 0.622418 0.561601 0.372418 0.561601
15 0.267070 0.867677 0.349570 0.867677 0.349570 0.904344 0.267070 0.904344
14 0.647486 0.869394 0.729986 0.869394 0.729986 0.906081 0.647486 0.906081
9 0.131996 0.825961 0.213976 0.819794 0.220140 0.856250 0.138160 0.862417
8 0.779537 0.812399 0.862037 0.812399 0.862037 0.849086 0.779537 0.849086
