4 0.585672 0.346088 0.668172 0.346088 0.668172 0.382755 0.585672 0.382755
5 0.337005 0.347814 0.419505 0.347814 0.419505 0.384481 0.337005 0.384481
11 0.303333 0.758868 0.385833 0.758868 0.385833 0.795534 0.303333 0.795534
10 0.627110 0.760596 0.709610 0.760596 0.709610 0.797262 0.627110 0.797262
3 0.160898 0.401408 0.257605 0.405355 0.253666 0.448331 0.156961 0.444384
13 0.161152 0.454877 0.251647 0.458274 0.248254 0.498492 0.157758 0.495093
2 0.738513 0.409657 0.841786 0.404545 0.846901 0.450444 0.743629 0.455558
12 0.741426 0.453671 0.839501 0.449194 0.843983 0.492787 0.745909 0.497265
1 0.382778 0.371042 0.632778 0.371042 0.632778 0.482153 0.382778 0.482153
9 0.191799 0.806672 0.273874 0.801050 0.279476 0.837543 0.197401 0.843164
8 0.746978 0.793458 0.827815 0.804446 0.816827 0.840394 0.735990 0.829406
15 0.305900 0.826226 0.388400 0.826226 0.388400 0.862893 0.305900 0.862893
14 0.624553 0.822772 0.707053 0.822772 0.707053 0.859439 0.624553 0.859439
