4 0.575306 0.354724 0.657806 0.354724 0.657806 0.391391 0.575306 0.391391
5 0.324044 0.356450 0.406544 0.356450 0.406544 0.393117 0.324044 0.393117
11 0.298137 0.719144 0.380637 0.719144 0.380637 0.755810 0.298137 0.755810
10 0.608955 0.717418 0.691455 0.717418 0.691455 0.754084 0.608955 0.754084
3 0.181916 0.314198 0.260270 0.352189 0.222277 0.387009 0.143925 0.349019
13 0.144441 0.350029 0.220295 0.383101 0.187215 0.416811 0.111362 0.383737
2 0.729511 0.366958 0.800336 0.316592 0.850712 0.348066 0.779890 0.398432
12 0.784586 0.398073 0.850864 0.349674 0.899280 0.379128 0.833003 0.427528
1 0.387955 0.524755 0.637955 0.524755 0.637955 0.635866 0.387955 0.635866
16 0.572740 0.425535 0.655240 0.425535 0.655240 0.462202 0.572740 0.462202
