4 0.583943 0.401356 0.666443 0.401356 0.666443 0.438023 0.583943 0.438023
5 0.341315 0.397900 0.423815 0.397900 0.423815 0.434567 0.341315 0.434567
11 0.287775 0.803774 0.370275 0.803774 0.370275 0.840440 0.287775 0.840440
3 0.172703 0.401126 0.273073 0.421208 0.253943 0.465886 0.153573 0.445803
13 0.171598 0.432176 0.257846 0.451494 0.241232 0.490106 0.154986 0.470785
2 0.724860 0.409656 0.825078 0.388854 0.840685 0.433174 0.740468 0.453978
12 0.737857 0.443992 0.833465 0.425693 0.847563 0.467923 0.751956 0.486222
1 0.388819 0.415947 0.638819 0.415947 0.638819 0.527058 0.388819 0.527058
15 0.282141 0.859041 0.364641 0.859041 0.364641 0.895708 0.282141 0.895708
10 0.616781 0.795138 0.699281 0.795138 0.699281 0.831805 0.616781 0.831805
7 0.399438 0.268684 0.443440 0.324296 0.395035 0.349623 0.351033 0.294011
6 0.566604 0.329182 0.597485 0.269135 0.647558 0.285672 0.616677 0.345718
