4 0.620210 0.349541 0.702710 0.349541 0.702710 0.386208 0.620210 0.386208
5 0.341316 0.351269 0.423816 0.351269 0.423816 0.387936 0.341316 0.387936
11 0.300729 0.796865 0.383229 0.796865 0.383229 0.833531 0.300729 0.833531
3 0.152772 0.380407 0.247236 0.406495 0.222062 0.448609 0.127595 0.422518
13 0.128655 0.427470 0.220903 0.450004 0.201276 0.491357 0.109030 0.468822
2 0.769589 0.408244 0.870887 0.389912 0.884039 0.434584 0.782743 0.452918
12 0.780645 0.453642 0.877886 0.439686 0.887677 0.482455 0.790437 0.496409
1 0.401774 0.390041 0.651774 0.390041 0.651774 0.501152 0.401774 0.501152
15 0.303132 0.855324 0.385629 0.855849 0.385103 0.892514 0.302607 0.891989
10 0.637242 0.789357 0.714963 0.789227 0.715093 0.823769 0.637372 0.823899
14 0.642688 0.852132 0.725188 0.852132 0.725188 0.888798 0.642688 0.888798
9 0.143427 0.755887 0.220664 0.736557 0.239994 0.770884 0.162755 0.790215
8 0.816096 0.799550 0.897500 0.808485 0.888568 0.844664 0.807161 0.835731
