4 0.599485 0.349541 0.681985 0.349541 0.681985 0.386208 0.599485 0.386208
5 0.341316 0.351269 0.423816 0.351269 0.423816 0.387936 0.341316 0.387936
11 0.329226 0.765777 0.411726 0.765777 0.411726 0.802443 0.329226 0.802443
3 0.186481 0.398363 0.287210 0.410071 0.276436 0.454832 0.175705 0.443122
13 0.176732 0.448428 0.272792 0.462167 0.262007 0.504941 0.165949 0.491201
2 0.760660 0.404021 0.863555 0.390199 0.872243 0.435353 0.769349 0.449177
12 0.771659 0.444641 0.869971 0.434557 0.875937 0.477638 0.777626 0.487720
1 0.404364 0.367588 0.654364 0.367588 0.654364 0.478699 0.404364 0.478699
15 0.321266 0.825964 0.403763 0.826489 0.403237 0.863154 0.320741 0.862629
10 0.657966 0.768631 0.735687 0.768501 0.735817 0.803043 0.658096 0.803173
14 0.666004 0.831408 0.748504 0.831408 0.748504 0.868074 0.666004 0.868074
9 0.166004 0.803774 0.248504 0.803774 0.248504 0.840440 0.166004 0.840440
8 0.827359 0.764476 0.907058 0.778686 0.892848 0.814108 0.813149 0.799898
