4 0.620210 0.349541 0.702710 0.349541 0.702710 0.386208 0.620210 0.386208
5 0.341316 0.351269 0.423816 0.351269 0.423816 0.387936 0.341316 0.387936
11 0.300729 0.796865 0.383229 0.796865 0.383229 0.833531 0.300729 0.833531
3 0.154335 0.385340 0.253000 0.403228 0.236043 0.447130 0.137375 0.429240
13 0.145308 0.438358 0.240171 0.455397 0.226074 0.497741 0.131213 0.480700
2 0.769589 0.420334 0.870887 0.402002 0.884039 0.446674 0.782743 0.465008
12 0.783236 0.467459 0.880477 0.453503 0.890268 0.496272 0.793028 0.510226
1 0.401774 0.390041 0.651774 0.390041 0.651774 0.501152 0.401774 0.501152
15 0.303132 0.855324 0.385629 0.855849 0.385103 0.892514 0.302607 0.891989
10 0.637242 0.789357 0.714963 0.789227 0.715093 0.823769 0.637372 0.823899
14 0.642688 0.852132 0.725188 0.852132 0.725188 0.888798 0.642688 0.888798
9 0.146826 0.750411 0.225743 0.734378 0.241776 0.769452 0.162858 0.785485
8 0.813786 0.805387 0.896285 0.805615 0.896059 0.842281 0.813558 0.842055
