4 0.620210 0.349541 0.702710 0.349541 0.702710 0.386208 0.620210 0.386208
5 0.341316 0.351269 0.423816 0.351269 0.423816 0.387936 0.341316 0.387936
11 0.324045 0.769231 0.406545 0.769231 0.406545 0.805897 0.324045 0.805897
3 0.159923 0.395323 0.259765 0.410023 0.245999 0.454418 0.146154 0.439716
13 0.146554 0.440923 0.242155 0.456018 0.230009 0.498630 0.134410 0.483533
2 0.743682 0.404790 0.844980 0.386458 0.858132 0.431130 0.756836 0.449464
12 0.765101 0.443279 0.862342 0.429323 0.872133 0.472092 0.774893 0.486046
1 0.414727 0.386587 0.664727 0.386587 0.664727 0.497698 0.414727 0.497698
15 0.316085 0.822509 0.398582 0.823034 0.398056 0.859699 0.315560 0.859174
10 0.642423 0.770358 0.720144 0.770228 0.720274 0.804770 0.642553 0.804900
14 0.650460 0.829680 0.732960 0.829680 0.732960 0.866346 0.650460 0.866346
9 0.290408 0.679871 0.321996 0.629062 0.372805 0.643101 0.341216 0.693910
8 0.753190 0.609572 0.792554 0.657907 0.744220 0.675403 0.704853 0.627068
