4 0.596896 0.363359 0.679396 0.363359 0.679396 0.400026 0.596896 0.400026
5 0.325771 0.363358 0.408271 0.363358 0.408271 0.400025 0.325771 0.400025
11 0.298139 0.741597 0.380639 0.741597 0.380639 0.778263 0.298139 0.778263
13 0.106453 0.451353 0.196805 0.458501 0.192388 0.498562 0.102038 0.491411
2 0.770699 0.418359 0.873295 0.403580 0.882928 0.448649 0.780333 0.463431
12 0.775706 0.458426 0.873176 0.445193 0.882253 0.488031 0.784784 0.501264
1 0.378456 0.386586 0.628456 0.386586 0.628456 0.497697 0.378456 0.497697
15 0.298996 0.807707 0.381408 0.810241 0.378875 0.846868 0.296462 0.844335
8 0.785282 0.792448 0.866576 0.801819 0.857204 0.837951 0.775910 0.828577
14 0.643046 0.805916 0.725074 0.805295 0.725694 0.841752 0.643666 0.842372
10 0.641512 0.742833 0.723931 0.740399 0.726364 0.777030 0.643945 0.779464
9 0.152165 0.794972 0.231339 0.779511 0.246799 0.814700 0.167625 0.830160
3 0.116412 0.405913 0.197895 0.414521 0.189287 0.450736 0.107804 0.442128
