4 0.622801 0.373721 0.705301 0.373721 0.705301 0.410388 0.622801 0.410388
5 0.343907 0.368540 0.426407 0.368540 0.426407 0.405207 0.343907 0.405207
11 0.321883 0.775717 0.404373 0.776565 0.403525 0.813228 0.321035 0.812380
3 0.148410 0.427330 0.249808 0.436100 0.241970 0.481132 0.140569 0.472359
13 0.146598 0.472847 0.242303 0.482919 0.235146 0.525429 0.139443 0.515354
2 0.770087 0.419410 0.872023 0.402725 0.883542 0.447597 0.781607 0.464284
12 0.787558 0.463785 0.883837 0.447124 0.896308 0.489582 0.800030 0.506241
1 0.399182 0.386585 0.649182 0.386585 0.649182 0.497696 0.399182 0.497696
10 0.629468 0.778994 0.707189 0.778864 0.707319 0.813406 0.629598 0.813536
14 0.634917 0.834862 0.717417 0.834862 0.717417 0.871528 0.634917 0.871528
9 0.122678 0.811047 0.203683 0.800620 0.214110 0.836622 0.133104 0.847048
8 0.784799 0.791067 0.866285 0.799662 0.857688 0.835878 0.776202 0.827283
15 0.329216 0.843497 0.411716 0.843497 0.411716 0.880164 0.329216 0.880164
