4 0.591713 0.399627 0.674213 0.399627 0.674213 0.436294 0.591713 0.436294
5 0.333544 0.396174 0.416044 0.396174 0.416044 0.432841 0.333544 0.432841
11 0.303319 0.769231 0.385819 0.769231 0.385819 0.805897 0.303319 0.805897
3 0.160139 0.399120 0.256773 0.421397 0.235420 0.464438 0.138784 0.442158
13 0.141837 0.437717 0.233922 0.460545 0.214000 0.501835 0.121917 0.479007
2 0.747582 0.412773 0.846618 0.389592 0.864595 0.433510 0.765560 0.456693
12 0.760409 0.450862 0.854658 0.429661 0.871643 0.471417 0.777395 0.492616
1 0.386229 0.410766 0.636229 0.410766 0.636229 0.521877 0.386229 0.521877
15 0.303131 0.838054 0.385628 0.838579 0.385102 0.875244 0.302606 0.874719
10 0.645013 0.773812 0.722734 0.773682 0.722864 0.808224 0.645143 0.808354
14 0.645279 0.834862 0.727779 0.834862 0.727779 0.871528 0.645279 0.871528
