4 0.583941 0.370266 0.666441 0.370266 0.666441 0.406933 0.583941 0.406933
5 0.338725 0.373721 0.421225 0.373721 0.421225 0.410388 0.338725 0.410388
11 0.300728 0.791684 0.383228 0.791684 0.383228 0.828350 0.300728 0.828350
3 0.150103 0.408973 0.248203 0.428194 0.229912 0.471857 0.131810 0.452634
13 0.135957 0.444667 0.230220 0.463126 0.214698 0.505247 0.120437 0.486788
2 0.747582 0.412773 0.846618 0.389592 0.864595 0.433510 0.765560 0.456693
12 0.760409 0.450862 0.854658 0.429661 0.871643 0.471417 0.777395 0.492616
1 0.383638 0.403858 0.633638 0.403858 0.633638 0.514969 0.383638 0.514969
15 0.297949 0.860506 0.380446 0.861031 0.379920 0.897696 0.297424 0.897171
10 0.642422 0.794538 0.720143 0.794408 0.720273 0.828950 0.642552 0.829080
14 0.632325 0.862497 0.714825 0.862497 0.714825 0.899163 0.632325 0.899163
16 0.590874 0.447988 0.673374 0.447988 0.673374 0.484655 0.590874 0.484655
