4 0.524357 0.384084 0.606857 0.384084 0.606857 0.420751 0.524357 0.420751
5 0.302455 0.385810 0.384955 0.385810 0.384955 0.422477 0.302455 0.422477
11 0.259278 0.769231 0.341778 0.769231 0.341778 0.805897 0.259278 0.805897
2 0.674724 0.400981 0.778988 0.392913 0.782012 0.438393 0.677748 0.446464
12 0.689464 0.446443 0.786657 0.436708 0.792328 0.479288 0.695136 0.489023
1 0.326643 0.398676 0.576643 0.398676 0.576643 0.509787 0.326643 0.509787
15 0.257786 0.815221 0.340223 0.813079 0.342365 0.849717 0.259927 0.851860
8 0.706504 0.760781 0.788869 0.763926 0.785724 0.800533 0.703358 0.797386
14 0.591540 0.803877 0.673573 0.803877 0.673573 0.840336 0.591540 0.840336
10 0.590875 0.758869 0.673375 0.758869 0.673375 0.795536 0.590875 0.795536
