4 0.620210 0.349541 0.702710 0.349541 0.702710 0.386208 0.620210 0.386208
5 0.336135 0.351269 0.418635 0.351269 0.418635 0.387936 0.336135 0.387936
11 0.300729 0.796865 0.383229 0.796865 0.383229 0.833531 0.300729 0.833531
3 0.156415 0.387370 0.255371 0.404528 0.239145 0.448554 0.140185 0.431393
13 0.141284 0.440980 0.236931 0.455945 0.224916 0.498572 0.129271 0.483607
2 0.769589 0.408244 0.870887 0.389912 0.884039 0.434584 0.782743 0.452918
12 0.780645 0.453642 0.877886 0.439686 0.887677 0.482455 0.790437 0.496409
1 0.396593 0.374497 0.646593 0.374497 0.646593 0.485608 0.396593 0.485608
15 0.303132 0.855324 0.385629 0.855849 0.385103 0.892514 0.302607 0.891989
10 0.637242 0.789357 0.714963 0.789227 0.715093 0.823769 0.637372 0.823899
14 0.642688 0.852132 0.725188 0.852132 0.725188 0.888798 0.642688 0.888798
9 0.116614 0.779764 0.199112 0.779427 0.199450 0.816092 0.116949 0.816430
8 0.800552 0.780552 0.881956 0.789487 0.873024 0.825666 0.791617 0.816733
