4 0.669435 0.346088 0.751935 0.346088 0.751935 0.382755 0.669435 0.382755
5 0.398311 0.347814 0.480811 0.347814 0.480811 0.384481 0.398311 0.384481
11 0.360314 0.807228 0.442814 0.807228 0.442814 0.843894 0.360314 0.843894
3 0.214153 0.344660 0.301760 0.382996 0.264307 0.422179 0.176700 0.383842
13 0.173062 0.382430 0.249465 0.415368 0.219044 0.450042 0.142643 0.417102
2 0.807358 0.395282 0.910311 0.381653 0.918809 0.426822 0.815857 0.440454
12 0.815328 0.441719 0.913399 0.430636 0.920351 0.473650 0.822281 0.484734
1 0.471721 0.371042 0.721721 0.371042 0.721721 0.482153 0.471721 0.482153
15 0.365043 0.841770 0.447543 0.841770 0.447543 0.878437 0.365043 0.878437
8 0.795067 0.791327 0.873931 0.807475 0.857783 0.842525 0.778919 0.826376
14 0.666669 0.833239 0.748702 0.833239 0.748702 0.869698 0.666669 0.869698
10 0.671185 0.802046 0.753685 0.802046 0.753685 0.838713 0.671185 0.838713
9 0.284779 0.643147 0.317614 0.592691 0.368071 0.607285 0.335236 0.657741
7 0.493126 0.225321 0.562523 0.255062 0.532781 0.285906 0.463384 0.256164
6 0.596226 0.255165 0.671662 0.232897 0.693930 0.266424 0.618494 0.288692
