4 0.602076 0.370266 0.684576 0.370266 0.684576 0.406933 0.602076 0.406933
5 0.338725 0.373721 0.421225 0.373721 0.421225 0.410388 0.338725 0.410388
11 0.305909 0.800320 0.388409 0.800320 0.388409 0.836986 0.305909 0.836986
3 0.159380 0.410307 0.254717 0.434945 0.230998 0.477431 0.135659 0.452792
13 0.141920 0.441635 0.232002 0.467774 0.208735 0.508279 0.118655 0.482140
2 0.749031 0.409653 0.850555 0.391887 0.863146 0.436630 0.761623 0.454398
12 0.760987 0.454742 0.856299 0.435770 0.871065 0.477899 0.775754 0.496870
1 0.401773 0.396950 0.651773 0.396950 0.651773 0.508061 0.401773 0.508061
15 0.297949 0.869142 0.380446 0.869667 0.379920 0.906332 0.297424 0.905807
10 0.642422 0.792811 0.720143 0.792681 0.720273 0.827223 0.642552 0.827353
14 0.637506 0.853861 0.720006 0.853861 0.720006 0.890527 0.637506 0.890527
16 0.598646 0.439352 0.681146 0.439352 0.681146 0.476019 0.598646 0.476019
