4 0.581079 0.409367 0.663579 0.409367 0.663579 0.446034 0.581079 0.446034
5 0.358193 0.407535 0.440693 0.407535 0.440693 0.444202 0.358193 0.444202
2 0.711213 0.412441 0.792155 0.401805 0.802791 0.437780 0.721849 0.448416
12 0.722351 0.448429 0.803324 0.437896 0.813857 0.473884 0.732884 0.484417
3 0.236507 0.403634 0.315970 0.418420 0.301184 0.453737 0.221721 0.438950
14 0.601237 0.821045 0.683737 0.821045 0.683737 0.857712 0.601237 0.857712
15 0.300719 0.817591 0.383219 0.817591 0.383219 0.854257 0.300719 0.854257
11 0.300719 0.781321 0.383219 0.781321 0.383219 0.817988 0.300719 0.817988
10 0.601237 0.781321 0.683737 0.781321 0.683737 0.817988 0.601237 0.817988
13 0.221858 0.439246 0.301379 0.453893 0.286731 0.489236 0.207211 0.474588
1 0.379892 0.425648 0.629892 0.425648 0.629892 0.536759 0.379892 0.536759
7 0.400877 0.291107 0.435083 0.341157 0.385033 0.356359 0.350827 0.306310
6 0.564244 0.339487 0.599318 0.289705 0.649100 0.305293 0.614026 0.355076
16 0.581859 0.430231 0.664359 0.430231 0.664359 0.466898 0.581859 0.466898
