4 0.581079 0.409367 0.663579 0.409367 0.663579 0.446034 0.581079 0.446034
5 0.358193 0.407535 0.440693 0.407535 0.440693 0.444202 0.358193 0.444202
2 0.711213 0.412441 0.792155 0.401805 0.802791 0.437780 0.721849 0.448416
12 0.722351 0.448429 0.803324 0.437896 0.813857 0.473884 0.732884 0.484417
3 0.224372 0.401611 0.303835 0.416397 0.289049 0.451714 0.209586 0.436927
7 0.400162 0.349514 0.384726 0.315974 0.418266 0.309114 0.433702 0.342653
6 0.571692 0.342943 0.595787 0.301316 0.637414 0.312025 0.613320 0.353651
14 0.601237 0.821045 0.683737 0.821045 0.683737 0.857712 0.601237 0.857712
15 0.300719 0.817591 0.383219 0.817591 0.383219 0.854257 0.300719 0.854257
11 0.300719 0.781321 0.383219 0.781321 0.383219 0.817988 0.300719 0.817988
10 0.601237 0.781321 0.683737 0.781321 0.683737 0.817988 0.601237 0.817988
13 0.209723 0.437898 0.289244 0.452545 0.274596 0.487888 0.195076 0.473240
1 0.381575 0.417248 0.631575 0.417248 0.631575 0.528359 0.381575 0.528359
