10 0.647738 0.801219 0.730236 0.801584 0.729871 0.838250 0.647373 0.837885
11 0.303152 0.812786 0.385652 0.812786 0.385652 0.849453 0.303152 0.849453
9 0.224414 0.680386 0.270983 0.634985 0.316383 0.655683 0.269814 0.701083
8 0.764253 0.793811 0.846753 0.793811 0.846753 0.830478 0.764253 0.830478
4 0.602014 0.393431 0.684514 0.393431 0.684514 0.430098 0.602014 0.430098
5 0.362925 0.397226 0.445425 0.397226 0.445425 0.433893 0.362925 0.433893
1 0.398719 0.434008 0.648719 0.434008 0.648719 0.545119 0.398719 0.545119
2 0.725300 0.409430 0.807800 0.409430 0.807800 0.446096 0.725300 0.446096
12 0.726396 0.446562 0.808896 0.446562 0.808896 0.483229 0.726396 0.483229
3 0.203641 0.412572 0.283888 0.425340 0.271121 0.461005 0.190874 0.448238
15 0.308845 0.862122 0.391345 0.862122 0.391345 0.898789 0.308845 0.898789
14 0.640839 0.861291 0.723279 0.859185 0.725385 0.895824 0.642945 0.897931
13 0.189637 0.447919 0.270037 0.460249 0.257706 0.495983 0.177306 0.483652
16 0.601057 0.418435 0.683557 0.418435 0.683557 0.455102 0.601057 0.455102
