10 0.551381 0.803158 0.633753 0.806219 0.630692 0.842829 0.548320 0.839768
11 0.312929 0.804639 0.395429 0.804639 0.395429 0.841306 0.312929 0.841306
9 0.157664 0.788838 0.239997 0.792353 0.236480 0.828945 0.154148 0.825429
8 0.670984 0.756713 0.746729 0.778510 0.724932 0.812174 0.649187 0.790377
4 0.618541 0.393431 0.701041 0.393431 0.701041 0.430098 0.618541 0.430098
5 0.368434 0.393553 0.450934 0.393553 0.450934 0.430220 0.368434 0.430220
1 0.398719 0.434008 0.648719 0.434008 0.648719 0.545119 0.398719 0.545119
2 0.755566 0.405617 0.838066 0.405617 0.838066 0.442283 0.755566 0.442283
12 0.758215 0.447171 0.840715 0.447171 0.840715 0.483838 0.758215 0.483838
3 0.231700 0.404302 0.314084 0.407219 0.311168 0.443834 0.228783 0.440918
13 0.229315 0.443630 0.311430 0.448936 0.306123 0.485432 0.224008 0.480125
15 0.308845 0.862122 0.391345 0.862122 0.391345 0.898789 0.308845 0.898789
14 0.548005 0.864501 0.630450 0.862491 0.632459 0.899132 0.550014 0.901143
16 0.622467 0.417008 0.704967 0.417008 0.704967 0.453674 0.622467 0.453674
