4 0.584936 0.399124 0.667436 0.399124 0.667436 0.435791 0.584936 0.435791
5 0.328769 0.399124 0.411269 0.399124 0.411269 0.435791 0.328769 0.435791
11 0.288921 0.812786 0.371421 0.812786 0.371421 0.849453 0.288921 0.849453
10 0.623148 0.824913 0.705573 0.827258 0.703228 0.863891 0.620803 0.861546
2 0.740046 0.449888 0.822546 0.449888 0.822546 0.486555 0.740046 0.486555
12 0.738608 0.487838 0.821108 0.487838 0.821108 0.524505 0.738608 0.524505
3 0.175069 0.431382 0.257569 0.431382 0.257569 0.468049 0.175069 0.468049
13 0.172222 0.467435 0.254722 0.467435 0.254722 0.504102 0.172222 0.504102
15 0.287598 0.864013 0.367997 0.876345 0.355666 0.912078 0.275266 0.899747
14 0.621938 0.892483 0.704438 0.892483 0.704438 0.929149 0.621938 0.929149
1 0.381641 0.449188 0.631641 0.449188 0.631641 0.560299 0.381641 0.560299
9 0.183608 0.755860 0.266108 0.755860 0.266108 0.792527 0.183608 0.792527
9 0.747175 0.774836 0.829675 0.774836 0.829675 0.811502 0.747175 0.811502
