4 0.576397 0.408612 0.658897 0.408612 0.658897 0.445278 0.576397 0.445278
5 0.331615 0.410509 0.414115 0.410509 0.414115 0.447176 0.331615 0.447176
2 0.743998 0.422230 0.826492 0.421562 0.827160 0.458226 0.744666 0.458894
12 0.742411 0.460178 0.827105 0.458537 0.828746 0.496179 0.744052 0.497820
3 0.214917 0.435177 0.297417 0.435177 0.297417 0.471844 0.214917 0.471844
13 0.214917 0.471230 0.297417 0.471230 0.297417 0.507897 0.214917 0.507897
11 0.313711 0.763711 0.396162 0.765610 0.394264 0.802255 0.311813 0.800356
10 0.616094 0.765501 0.698593 0.765196 0.698896 0.801862 0.616398 0.802166
14 0.609155 0.834862 0.691166 0.828878 0.697150 0.865327 0.615140 0.871311
15 0.305603 0.833489 0.387293 0.841180 0.379602 0.877486 0.297912 0.869796
1 0.367410 0.441598 0.617410 0.441598 0.617410 0.552709 0.367410 0.552709
