4 0.576397 0.408612 0.658897 0.408612 0.658897 0.445278 0.576397 0.445278
5 0.331615 0.410509 0.414115 0.410509 0.414115 0.447176 0.331615 0.447176
2 0.741856 0.422230 0.824350 0.421562 0.825018 0.458226 0.742524 0.458894
12 0.742411 0.460178 0.827105 0.458537 0.828746 0.496179 0.744052 0.497820
3 0.219200 0.435177 0.301700 0.435177 0.301700 0.471844 0.219200 0.471844
13 0.223484 0.471230 0.305984 0.471230 0.305984 0.507897 0.223484 0.507897
11 0.311569 0.836530 0.394020 0.838429 0.392122 0.875074 0.309671 0.873175
10 0.579684 0.835465 0.662183 0.835160 0.662486 0.871826 0.579988 0.872130
14 0.585596 0.883408 0.667607 0.877424 0.673591 0.913873 0.591581 0.919857
15 0.312028 0.882035 0.393718 0.889726 0.386027 0.926032 0.304337 0.918342
1 0.367410 0.441598 0.617410 0.441598 0.617410 0.552709 0.367410 0.552709
