4 0.570704 0.385841 0.653204 0.385841 0.653204 0.422508 0.570704 0.422508
5 0.342550 0.386539 0.425050 0.386539 0.425050 0.423205 0.342550 0.423205
2 0.700902 0.408142 0.783402 0.408142 0.783402 0.444809 0.700902 0.444809
12 0.706623 0.448460 0.789123 0.448460 0.789123 0.485127 0.706623 0.485127
3 0.175069 0.408612 0.257569 0.408612 0.257569 0.445278 0.175069 0.445278
13 0.172222 0.448460 0.254722 0.448460 0.254722 0.485127 0.172222 0.485127
11 0.316118 0.809830 0.398583 0.811435 0.396978 0.848086 0.314513 0.846481
15 0.320314 0.857519 0.402814 0.857519 0.402814 0.894185 0.320314 0.894185
1 0.378795 0.432110 0.628795 0.432110 0.628795 0.543222 0.378795 0.543222
6 0.569877 0.242693 0.613952 0.276617 0.580028 0.296206 0.535953 0.262282
8 0.679713 0.771643 0.758890 0.787096 0.743436 0.822285 0.664260 0.806832
9 0.169376 0.808991 0.251876 0.808991 0.251876 0.845658 0.169376 0.845658
