4 0.570704 0.385841 0.653204 0.385841 0.653204 0.422508 0.570704 0.422508
5 0.340154 0.380149 0.422654 0.380149 0.422654 0.416815 0.340154 0.416815
2 0.707327 0.406714 0.789827 0.406714 0.789827 0.443381 0.707327 0.443381
12 0.704481 0.448460 0.786981 0.448460 0.786981 0.485127 0.704481 0.485127
3 0.175069 0.408612 0.257569 0.408612 0.257569 0.445278 0.175069 0.445278
13 0.172222 0.448460 0.254722 0.448460 0.254722 0.485127 0.172222 0.485127
11 0.307026 0.812842 0.389491 0.814447 0.387886 0.851098 0.305421 0.849493
15 0.305658 0.855976 0.388158 0.855976 0.388158 0.892643 0.305658 0.892643
1 0.378795 0.432110 0.628795 0.432110 0.628795 0.543222 0.378795 0.543222
6 0.571969 0.244069 0.611242 0.277375 0.577937 0.294830 0.538663 0.261524
8 0.672334 0.776419 0.753801 0.785097 0.745123 0.821304 0.663656 0.812626
9 0.163684 0.820376 0.246184 0.820376 0.246184 0.857043 0.163684 0.857043
