4 0.565012 0.401021 0.647512 0.401021 0.647512 0.437688 0.565012 0.437688
5 0.340154 0.401021 0.422654 0.401021 0.422654 0.437688 0.340154 0.437688
2 0.709972 0.372256 0.791856 0.365544 0.798567 0.401937 0.716684 0.408649
12 0.711422 0.412225 0.792444 0.401861 0.802809 0.437870 0.721787 0.448235
3 0.202040 0.384554 0.284447 0.387170 0.281831 0.423795 0.199424 0.421179
13 0.200686 0.423792 0.283186 0.423792 0.283186 0.460459 0.200686 0.460459
15 0.282029 0.859435 0.364314 0.863404 0.360345 0.899975 0.278060 0.896006
14 0.588879 0.862468 0.671379 0.862468 0.671379 0.899135 0.588879 0.899135
10 0.586033 0.819034 0.668533 0.819034 0.668533 0.855700 0.586033 0.855700
11 0.285552 0.816345 0.367832 0.820358 0.363819 0.856927 0.281539 0.852914
1 0.373102 0.434008 0.623102 0.434008 0.623102 0.545120 0.373102 0.545120
6 0.539442 0.307341 0.572928 0.258421 0.621849 0.273304 0.588362 0.322224
