4 0.565012 0.406714 0.647512 0.406714 0.647512 0.443381 0.565012 0.443381
5 0.340154 0.410509 0.422654 0.410509 0.422654 0.447176 0.340154 0.447176
2 0.725848 0.393930 0.807732 0.387218 0.814443 0.423611 0.732560 0.430323
12 0.732443 0.434264 0.813465 0.423900 0.823830 0.459909 0.742808 0.470274
3 0.217867 0.384309 0.300367 0.384309 0.300367 0.420976 0.217867 0.420976
13 0.212723 0.421163 0.295223 0.421163 0.295223 0.457830 0.212723 0.457830
15 0.281377 0.868192 0.363662 0.872161 0.359693 0.908732 0.277408 0.904763
14 0.560208 0.870128 0.642708 0.870128 0.642708 0.906795 0.560208 0.906795
10 0.559007 0.830558 0.641507 0.830558 0.641507 0.867224 0.559007 0.867224
11 0.285893 0.825397 0.368173 0.829410 0.364160 0.865979 0.281880 0.861966
1 0.370256 0.456778 0.620256 0.456778 0.620256 0.567890 0.370256 0.567890
6 0.578347 0.322009 0.601532 0.269226 0.654316 0.279530 0.631131 0.332314
