4 0.573551 0.380149 0.656051 0.380149 0.656051 0.416815 0.573551 0.416815
5 0.340154 0.376354 0.422654 0.376354 0.422654 0.413020 0.340154 0.413020
10 0.590051 0.821132 0.672551 0.821132 0.672551 0.857798 0.590051 0.857798
2 0.716627 0.401022 0.799127 0.401022 0.799127 0.437688 0.716627 0.437688
12 0.716627 0.436821 0.799127 0.436821 0.799127 0.473488 0.716627 0.473488
3 0.199543 0.399378 0.282043 0.399378 0.282043 0.436044 0.199543 0.436044
13 0.197078 0.440870 0.279578 0.440870 0.279578 0.477536 0.197078 0.477536
6 0.564006 0.334174 0.598580 0.284236 0.648517 0.299602 0.613944 0.349540
6 0.381404 0.281940 0.427167 0.327702 0.381404 0.348041 0.335641 0.302279
1 0.367410 0.422623 0.617410 0.422623 0.617410 0.533734 0.367410 0.533734
14 0.299116 0.861398 0.381589 0.862800 0.380187 0.899455 0.297714 0.898053
11 0.299003 0.823265 0.381503 0.823265 0.381503 0.859932 0.299003 0.859932
14 0.587408 0.862610 0.669908 0.862610 0.669908 0.899276 0.587408 0.899276
