4 0.573551 0.380149 0.656051 0.380149 0.656051 0.416815 0.573551 0.416815
5 0.340154 0.376354 0.422654 0.376354 0.422654 0.413020 0.340154 0.413020
10 0.622100 0.753746 0.704600 0.753746 0.704600 0.790412 0.622100 0.790412
2 0.721558 0.401022 0.804058 0.401022 0.804058 0.437688 0.721558 0.437688
12 0.721558 0.435177 0.804058 0.435177 0.804058 0.471844 0.721558 0.471844
3 0.192147 0.401022 0.274647 0.401022 0.274647 0.437688 0.192147 0.437688
13 0.192147 0.440870 0.274647 0.440870 0.274647 0.477536 0.192147 0.477536
6 0.564006 0.334174 0.598580 0.284236 0.648517 0.299602 0.613944 0.349540
6 0.381404 0.281940 0.427167 0.327702 0.381404 0.348041 0.335641 0.302279
1 0.367410 0.422623 0.617410 0.422623 0.617410 0.533734 0.367410 0.533734
11 0.294613 0.746373 0.377113 0.746373 0.377113 0.783039 0.294613 0.783039
14 0.616989 0.824574 0.699216 0.820096 0.703694 0.856641 0.621468 0.861119
14 0.286789 0.812091 0.369262 0.813493 0.367860 0.850148 0.285387 0.848746
