4 0.579243 0.389636 0.661743 0.389636 0.661743 0.426303 0.579243 0.426303
2 0.705090 0.365715 0.784193 0.350094 0.799814 0.385251 0.720711 0.400872
12 0.721690 0.399071 0.799934 0.381636 0.817370 0.416411 0.739125 0.433847
3 0.204984 0.359314 0.285420 0.371540 0.273195 0.407289 0.192759 0.395064
13 0.194540 0.394788 0.274475 0.408395 0.260868 0.443922 0.180933 0.430315
10 0.599553 0.836823 0.682053 0.836823 0.682053 0.873489 0.599553 0.873489
11 0.310662 0.836649 0.393162 0.836649 0.393162 0.873315 0.310662 0.873315
14 0.600095 0.874168 0.682595 0.874168 0.682595 0.910835 0.600095 0.910835
15 0.307714 0.871059 0.390132 0.873519 0.387671 0.910149 0.305254 0.907689
1 0.390180 0.437803 0.640180 0.437803 0.640180 0.548914 0.390180 0.548914
5 0.328769 0.387739 0.411269 0.387739 0.411269 0.424405 0.328769 0.424405
6 0.559469 0.336014 0.583327 0.283364 0.635977 0.293967 0.612119 0.346617
