4 0.607706 0.410509 0.690206 0.410509 0.690206 0.447176 0.607706 0.447176
5 0.351539 0.410509 0.434039 0.410509 0.434039 0.447176 0.351539 0.447176
2 0.761407 0.429485 0.843907 0.429485 0.843907 0.466151 0.761407 0.466151
12 0.764253 0.469333 0.846753 0.469333 0.846753 0.505999 0.764253 0.505999
3 0.201980 0.397624 0.274256 0.424144 0.247736 0.456266 0.175460 0.429746
13 0.173432 0.430984 0.248240 0.454174 0.225050 0.487422 0.150242 0.464232
14 0.642582 0.865625 0.720623 0.847790 0.738459 0.882476 0.660417 0.900311
15 0.339455 0.853427 0.421949 0.854081 0.421296 0.890745 0.338801 0.890091
1 0.404412 0.426418 0.654412 0.426418 0.654412 0.537529 0.404412 0.537529
10 0.617319 0.828853 0.695249 0.810800 0.713301 0.845436 0.635371 0.863488
11 0.352071 0.804090 0.431642 0.818615 0.417117 0.853980 0.337546 0.839455
16 0.605339 0.436991 0.687839 0.436991 0.687839 0.473657 0.605339 0.473657
