4 0.602014 0.273887 0.684514 0.273887 0.684514 0.310553 0.602014 0.310553
5 0.294613 0.271989 0.377113 0.271989 0.377113 0.308656 0.294613 0.308656
2 0.783974 0.263022 0.863407 0.248164 0.878265 0.283468 0.798832 0.298325
12 0.801019 0.299143 0.880403 0.284171 0.895376 0.319453 0.815991 0.334425
3 0.110372 0.244174 0.189598 0.259514 0.174258 0.294725 0.095032 0.279386
13 0.096000 0.276511 0.175311 0.291655 0.160167 0.326904 0.080856 0.311761
8 0.824025 0.579390 0.906525 0.579390 0.906525 0.616056 0.824025 0.616056
9 0.092526 0.562312 0.175026 0.562312 0.175026 0.598978 0.092526 0.598978
10 0.664632 0.698934 0.747132 0.698934 0.747132 0.735601 0.664632 0.735601
11 0.257611 0.700832 0.340111 0.700832 0.340111 0.737498 0.257611 0.737498
1 0.370256 0.314463 0.620256 0.314463 0.620256 0.425575 0.370256 0.425575
16 0.601057 0.304247 0.683557 0.304247 0.683557 0.340914 0.601057 0.340914
