4 0.630477 0.283375 0.712977 0.283375 0.712977 0.320041 0.630477 0.320041
5 0.266150 0.285272 0.348650 0.285272 0.348650 0.321939 0.266150 0.321939
2 0.798205 0.257329 0.877638 0.242471 0.892496 0.277775 0.813063 0.292632
12 0.815250 0.299143 0.894634 0.284171 0.909607 0.319453 0.830222 0.334425
3 0.110372 0.244174 0.189598 0.259514 0.174258 0.294725 0.095032 0.279386
13 0.098846 0.278409 0.178157 0.293553 0.163013 0.328802 0.083702 0.313659
8 0.843949 0.569902 0.926449 0.569902 0.926449 0.606568 0.843949 0.606568
9 0.055524 0.562312 0.138024 0.562312 0.138024 0.598978 0.055524 0.598978
10 0.698788 0.683754 0.781288 0.683754 0.781288 0.720421 0.698788 0.720421
11 0.220609 0.695139 0.303109 0.695139 0.303109 0.731805 0.220609 0.731805
1 0.364563 0.299283 0.614563 0.299283 0.614563 0.410395 0.364563 0.410395
