4 0.567858 0.414304 0.650358 0.414304 0.650358 0.450971 0.567858 0.450971
5 0.357232 0.410509 0.439732 0.410509 0.439732 0.447176 0.357232 0.447176
2 0.720619 0.431383 0.803119 0.431383 0.803119 0.468049 0.720619 0.468049
12 0.725357 0.472811 0.807857 0.472811 0.807857 0.509477 0.725357 0.509477
3 0.175119 0.406003 0.257222 0.411398 0.251826 0.447887 0.169724 0.442492
13 0.171445 0.442748 0.253734 0.446675 0.249808 0.483248 0.167518 0.479321
14 0.601870 0.881411 0.686945 0.878882 0.689475 0.916695 0.604399 0.919224
15 0.286197 0.847644 0.360743 0.871206 0.337182 0.904338 0.262635 0.880776
1 0.378795 0.437803 0.628795 0.437803 0.628795 0.548914 0.378795 0.548914
10 0.596756 0.840210 0.679125 0.837110 0.682224 0.873719 0.599855 0.876818
11 0.308288 0.814458 0.385225 0.834313 0.365370 0.868507 0.288434 0.848653
8 0.714024 0.701044 0.794839 0.689983 0.805900 0.725901 0.725085 0.736962
9 0.190827 0.653849 0.273209 0.656785 0.270273 0.693400 0.187891 0.690463
