4 0.607707 0.416202 0.690207 0.416202 0.690207 0.452868 0.607707 0.452868
5 0.337308 0.416202 0.419808 0.416202 0.419808 0.452869 0.337308 0.452869
2 0.708864 0.429350 0.788745 0.415602 0.802493 0.451105 0.722612 0.464853
12 0.721129 0.468196 0.800613 0.453461 0.815349 0.488787 0.735864 0.503523
3 0.177362 0.430902 0.257353 0.444363 0.243891 0.479915 0.163900 0.466453
13 0.171486 0.468963 0.251577 0.482159 0.238381 0.517754 0.158291 0.504559
9 0.246816 0.813705 0.327229 0.801411 0.339522 0.837149 0.259110 0.849443
8 0.755771 0.791197 0.837871 0.796603 0.832465 0.833092 0.750365 0.827686
11 0.369819 0.831503 0.452319 0.831503 0.452319 0.868170 0.369819 0.868170
1 0.398719 0.451086 0.648719 0.451086 0.648719 0.562197 0.398719 0.562197
10 0.629040 0.834515 0.711540 0.834515 0.711540 0.871182 0.629040 0.871182
14 0.622274 0.871258 0.704617 0.874647 0.701229 0.911244 0.618885 0.907855
15 0.367678 0.872761 0.450178 0.872761 0.450178 0.909428 0.367678 0.909428
16 0.613903 0.451264 0.696403 0.451264 0.696403 0.487931 0.613903 0.487931
