4 0.576397 0.385841 0.658897 0.385841 0.658897 0.422508 0.576397 0.422508
5 0.303152 0.389636 0.385652 0.389636 0.385652 0.426303 0.303152 0.426303
2 0.755714 0.402919 0.838214 0.402919 0.838214 0.439586 0.755714 0.439586
12 0.758560 0.440557 0.841060 0.440557 0.841060 0.477223 0.758560 0.477223
3 0.194288 0.414304 0.276788 0.414304 0.276788 0.450971 0.194288 0.450971
13 0.197134 0.452098 0.279634 0.452098 0.279634 0.488765 0.197134 0.488765
9 0.155145 0.816581 0.237645 0.816581 0.237645 0.853248 0.155145 0.853248
8 0.703278 0.729824 0.769632 0.762506 0.736950 0.791997 0.670595 0.759315
15 0.282121 0.878084 0.364605 0.879143 0.363547 0.915802 0.281063 0.914744
11 0.281584 0.835298 0.364084 0.835298 0.364084 0.871965 0.281584 0.871965
1 0.350332 0.422623 0.600332 0.422623 0.600332 0.533734 0.350332 0.533734
