4 0.576397 0.385841 0.658897 0.385841 0.658897 0.422508 0.576397 0.422508
5 0.303152 0.389636 0.385652 0.389636 0.385652 0.426303 0.303152 0.426303
2 0.753115 0.402919 0.835615 0.402919 0.835615 0.439586 0.753115 0.439586
12 0.753363 0.444005 0.835863 0.444005 0.835863 0.480671 0.753363 0.480671
3 0.199448 0.416036 0.281948 0.416036 0.281948 0.452703 0.199448 0.452703
13 0.202294 0.452089 0.284794 0.452089 0.284794 0.488756 0.202294 0.488756
9 0.155145 0.816581 0.237645 0.816581 0.237645 0.853248 0.155145 0.853248
8 0.703278 0.729824 0.769632 0.762506 0.736950 0.791997 0.670595 0.759315
15 0.289828 0.889975 0.372312 0.891034 0.371254 0.927693 0.288770 0.926635
11 0.291890 0.848838 0.374390 0.848838 0.374390 0.885505 0.291890 0.885505
1 0.350332 0.422623 0.600332 0.422623 0.600332 0.533734 0.350332 0.533734
