4 0.576397 0.385841 0.658897 0.385841 0.658897 0.422508 0.576397 0.422508
5 0.303152 0.389636 0.385652 0.389636 0.385652 0.426303 0.303152 0.426303
2 0.747918 0.402919 0.830418 0.402919 0.830418 0.439586 0.747918 0.439586
12 0.748165 0.440540 0.830665 0.440540 0.830665 0.477206 0.748165 0.477206
3 0.196849 0.416036 0.279349 0.416036 0.279349 0.452703 0.196849 0.452703
13 0.194497 0.450357 0.276997 0.450357 0.276997 0.487024 0.194497 0.487024
9 0.155145 0.816581 0.237645 0.816581 0.237645 0.853248 0.155145 0.853248
8 0.703278 0.729824 0.769632 0.762506 0.736950 0.791997 0.670595 0.759315
15 0.263841 0.829338 0.346325 0.830397 0.345267 0.867056 0.262783 0.865998
11 0.263304 0.769143 0.345804 0.769143 0.345804 0.805810 0.263304 0.805810
1 0.350332 0.422623 0.600332 0.422623 0.600332 0.533734 0.350332 0.533734
16 0.575364 0.419862 0.657864 0.419862 0.657864 0.456529 0.575364 0.456529
