4 0.567858 0.389636 0.650358 0.389636 0.650358 0.426303 0.567858 0.426303
5 0.348693 0.389636 0.431193 0.389636 0.431193 0.426303 0.348693 0.426303
2 0.727251 0.421894 0.809751 0.421894 0.809751 0.458561 0.727251 0.458561
12 0.732944 0.457948 0.815444 0.457948 0.815444 0.494614 0.732944 0.494614
3 0.194350 0.400887 0.276613 0.405056 0.272443 0.441618 0.190181 0.437448
13 0.189300 0.438972 0.271800 0.438972 0.271800 0.475639 0.189300 0.475639
9 0.192705 0.798580 0.273084 0.786190 0.285474 0.821914 0.205094 0.834304
8 0.748938 0.793655 0.829213 0.806341 0.816527 0.842019 0.736252 0.829333
11 0.302918 0.788355 0.385415 0.787883 0.385886 0.824549 0.303390 0.825020
10 0.633323 0.791913 0.715823 0.791913 0.715823 0.828580 0.633323 0.828580
14 0.619092 0.856429 0.701592 0.856429 0.701592 0.893096 0.619092 0.893096
1 0.375949 0.422623 0.625949 0.422623 0.625949 0.533734 0.375949 0.533734
15 0.312499 0.860680 0.394999 0.860680 0.394999 0.897346 0.312499 0.897346
16 0.566800 0.424145 0.649300 0.424145 0.649300 0.460811 0.566800 0.460811
