4 0.567858 0.389636 0.650358 0.389636 0.650358 0.426303 0.567858 0.426303
5 0.348693 0.389636 0.431193 0.389636 0.431193 0.426303 0.348693 0.426303
2 0.727251 0.421894 0.809751 0.421894 0.809751 0.458561 0.727251 0.458561
12 0.732944 0.457948 0.815444 0.457948 0.815444 0.494614 0.732944 0.494614
3 0.194350 0.400887 0.276613 0.405056 0.272443 0.441618 0.190181 0.437448
13 0.189300 0.438972 0.271800 0.438972 0.271800 0.475639 0.189300 0.475639
9 0.211082 0.797049 0.291461 0.784659 0.303851 0.820383 0.223471 0.832773
8 0.748938 0.793655 0.829213 0.806341 0.816527 0.842019 0.736252 0.829333
11 0.316700 0.788355 0.399197 0.787883 0.399668 0.824549 0.317172 0.825020
10 0.633323 0.791913 0.715823 0.791913 0.715823 0.828580 0.633323 0.828580
14 0.628280 0.847241 0.710780 0.847241 0.710780 0.883908 0.628280 0.883908
1 0.375949 0.422623 0.625949 0.422623 0.625949 0.533734 0.375949 0.533734
15 0.314796 0.842303 0.397296 0.842303 0.397296 0.878969 0.314796 0.878969
