4 0.567858 0.389636 0.650358 0.389636 0.650358 0.426303 0.567858 0.426303
5 0.348693 0.389636 0.431193 0.389636 0.431193 0.426303 0.348693 0.426303
2 0.724220 0.405182 0.806720 0.405182 0.806720 0.441849 0.724220 0.441849
12 0.724894 0.441521 0.807394 0.441521 0.807394 0.478187 0.724894 0.478187
3 0.191404 0.402052 0.273667 0.406221 0.269497 0.442783 0.187235 0.438613
13 0.187538 0.439245 0.269887 0.442562 0.266571 0.479161 0.184221 0.475845
9 0.182799 0.801935 0.264367 0.793691 0.272610 0.829944 0.191042 0.838187
8 0.731930 0.786407 0.814263 0.789905 0.810765 0.826497 0.728432 0.822999
11 0.311192 0.775017 0.393672 0.773796 0.394891 0.810454 0.312412 0.811674
10 0.622387 0.774835 0.704887 0.774835 0.704887 0.811502 0.622387 0.811502
14 0.621938 0.843146 0.704438 0.843146 0.704438 0.879813 0.621938 0.879813
15 0.298509 0.840701 0.380661 0.845747 0.375614 0.882259 0.293462 0.877213
1 0.390181 0.418828 0.640181 0.418828 0.640181 0.529939 0.390181 0.529939
