4 0.593475 0.387739 0.675975 0.387739 0.675975 0.424405 0.593475 0.424405
5 0.343000 0.393431 0.425500 0.393431 0.425500 0.430098 0.343000 0.430098
2 0.725906 0.370212 0.807061 0.360322 0.816951 0.396391 0.735796 0.406281
3 0.195887 0.389636 0.278387 0.389636 0.278387 0.426303 0.195887 0.426303
13 0.197047 0.428360 0.279547 0.428360 0.279547 0.465027 0.197047 0.465027
12 0.736581 0.410568 0.817116 0.398636 0.829047 0.434430 0.748512 0.446361
11 0.260458 0.761553 0.342958 0.761553 0.342958 0.798219 0.260458 0.798219
10 0.613399 0.753963 0.695899 0.753963 0.695899 0.790629 0.613399 0.790629
14 0.616734 0.833090 0.698147 0.824192 0.707045 0.860376 0.625632 0.869274
15 0.260458 0.833659 0.342958 0.833659 0.342958 0.870326 0.260458 0.870326
1 0.381641 0.426418 0.631641 0.426418 0.631641 0.537529 0.381641 0.537529
16 0.592492 0.415580 0.674992 0.415580 0.674992 0.452247 0.592492 0.452247
