4 0.539395 0.390144 0.621895 0.390144 0.621895 0.426811 0.539395 0.426811
5 0.300485 0.391669 0.382985 0.391669 0.382985 0.428335 0.300485 0.428335
2 0.722223 0.374100 0.802365 0.361045 0.815421 0.396663 0.735279 0.409719
12 0.733873 0.412835 0.813569 0.398617 0.827787 0.434037 0.748091 0.448255
3 0.165472 0.395329 0.247972 0.395329 0.247972 0.431996 0.165472 0.431996
13 0.170946 0.433133 0.253446 0.433133 0.253446 0.469800 0.170946 0.469800
1 0.341032 0.417572 0.591032 0.417572 0.591032 0.528683 0.341032 0.528683
10 0.601252 0.861401 0.683752 0.861401 0.683752 0.898067 0.601252 0.898067
11 0.279752 0.863116 0.362252 0.863116 0.362252 0.899782 0.279752 0.899782
14 0.602911 0.910523 0.684945 0.904686 0.690783 0.941145 0.608749 0.946983
15 0.279919 0.912218 0.362419 0.912218 0.362419 0.948885 0.279919 0.948885
