4 0.607706 0.399124 0.690206 0.399124 0.690206 0.435791 0.607706 0.435791
5 0.368617 0.401022 0.451117 0.401022 0.451117 0.437688 0.368617 0.437688
2 0.747030 0.386244 0.826546 0.371585 0.841205 0.406925 0.761690 0.421584
12 0.753358 0.422988 0.833665 0.410391 0.846262 0.446083 0.765955 0.458680
3 0.207325 0.374819 0.288012 0.386284 0.276546 0.422145 0.195859 0.410680
13 0.208109 0.412271 0.288401 0.424909 0.275762 0.460595 0.195470 0.447956
11 0.269709 0.765664 0.350785 0.765664 0.350785 0.801698 0.269709 0.801698
15 0.268997 0.839352 0.351497 0.839352 0.351497 0.876018 0.268997 0.876018
10 0.621938 0.763450 0.704438 0.763450 0.704438 0.800117 0.621938 0.800117
14 0.635091 0.834582 0.716492 0.825634 0.725440 0.861812 0.644039 0.870761
1 0.412951 0.413135 0.662951 0.413135 0.662951 0.524246 0.412951 0.524246
