4 0.607706 0.399124 0.690206 0.399124 0.690206 0.435791 0.607706 0.435791
5 0.368617 0.401022 0.451117 0.401022 0.451117 0.437688 0.368617 0.437688
2 0.732880 0.389388 0.812396 0.374729 0.827055 0.410069 0.747540 0.424728
12 0.751000 0.424560 0.831307 0.411963 0.843904 0.447655 0.763597 0.460252
3 0.207325 0.374819 0.288012 0.386284 0.276546 0.422145 0.195859 0.410680
13 0.208109 0.412271 0.288401 0.424909 0.275762 0.460595 0.195470 0.447956
11 0.288575 0.837985 0.369651 0.837985 0.369651 0.874019 0.288575 0.874019
15 0.290222 0.875512 0.372722 0.875512 0.372722 0.912178 0.290222 0.912178
10 0.617394 0.832009 0.698333 0.821360 0.708982 0.857333 0.628043 0.867982
14 0.628016 0.875459 0.709417 0.866511 0.718365 0.902689 0.636964 0.911638
1 0.412951 0.413135 0.662951 0.413135 0.662951 0.524246 0.412951 0.524246
