4 0.539395 0.393431 0.621895 0.393431 0.621895 0.430098 0.539395 0.430098
5 0.283228 0.404817 0.365728 0.404817 0.365728 0.441483 0.283228 0.441483
2 0.721902 0.375815 0.802044 0.362760 0.815100 0.398378 0.734958 0.411434
12 0.738622 0.420139 0.818318 0.405921 0.832536 0.441341 0.752840 0.455559
3 0.165472 0.395329 0.247972 0.395329 0.247972 0.431996 0.165472 0.431996
13 0.164578 0.436749 0.247078 0.436749 0.247078 0.473416 0.164578 0.473416
1 0.336101 0.434008 0.586101 0.434008 0.586101 0.545119 0.336101 0.545119
10 0.602371 0.857772 0.684091 0.850226 0.691637 0.886545 0.609917 0.894091
11 0.274608 0.856970 0.357108 0.856970 0.357108 0.893636 0.274608 0.893636
14 0.617381 0.902877 0.699415 0.897040 0.705253 0.933499 0.623219 0.939337
15 0.270379 0.898282 0.352879 0.898282 0.352879 0.934949 0.270379 0.934949
