4 0.576397 0.366866 0.658897 0.366866 0.658897 0.403533 0.576397 0.403533
5 0.308845 0.370661 0.391345 0.370661 0.391345 0.407328 0.308845 0.407328
2 0.735497 0.369359 0.809321 0.344808 0.833872 0.377618 0.760048 0.402169
12 0.756032 0.401692 0.832434 0.380941 0.853186 0.414898 0.776783 0.435649
3 0.159920 0.395323 0.240320 0.407654 0.227988 0.443387 0.147589 0.431056
13 0.147306 0.432528 0.228712 0.441456 0.219785 0.477636 0.138379 0.468709
8 0.708704 0.748581 0.787553 0.764762 0.771372 0.799806 0.692523 0.783625
15 0.276917 0.886334 0.358425 0.894842 0.349917 0.931067 0.268410 0.922560
14 0.596172 0.894952 0.677486 0.885659 0.686779 0.921798 0.605465 0.931091
11 0.278822 0.849707 0.361037 0.854274 0.356470 0.890814 0.274255 0.886247
10 0.590892 0.853283 0.672765 0.846513 0.679534 0.882901 0.597662 0.889671
1 0.358871 0.399852 0.608871 0.399852 0.608871 0.510964 0.358871 0.510964
16 0.575364 0.392743 0.657864 0.392743 0.657864 0.429410 0.575364 0.429410
