4 0.590822 0.286623 0.701398 0.286623 0.701398 0.335768 0.590822 0.335768
5 0.294164 0.298355 0.394641 0.298355 0.394641 0.343011 0.294164 0.343011
8 0.793246 0.784195 0.884385 0.799587 0.868993 0.840093 0.777854 0.824701
9 0.077710 0.805569 0.184150 0.805569 0.184150 0.852875 0.077710 0.852875
2 0.773392 0.343603 0.868879 0.312250 0.900232 0.354689 0.804745 0.386042
12 0.810779 0.385883 0.911562 0.354903 0.942542 0.399696 0.841758 0.430675
3 0.109668 0.323381 0.211565 0.337214 0.197732 0.382502 0.095835 0.368668
13 0.097307 0.368028 0.197852 0.384250 0.181630 0.428936 0.081085 0.412714
11 0.279491 0.759788 0.369610 0.759932 0.369465 0.799985 0.279347 0.799840
10 0.641380 0.751218 0.736229 0.751218 0.736229 0.793374 0.641380 0.793374
1 0.355581 0.317429 0.669087 0.317429 0.669087 0.456765 0.355581 0.456765
16 0.592672 0.324310 0.700505 0.324310 0.700505 0.372236 0.592672 0.372236
