4 0.565012 0.395329 0.647512 0.395329 0.647512 0.431996 0.565012 0.431996
5 0.311691 0.401022 0.394191 0.401022 0.394191 0.437688 0.311691 0.437688
2 0.714690 0.403987 0.796026 0.394779 0.805234 0.430928 0.723898 0.440136
12 0.728006 0.439362 0.810234 0.434908 0.814689 0.471454 0.732460 0.475908
3 0.149452 0.416202 0.231952 0.416202 0.231952 0.452868 0.149452 0.452868
13 0.146606 0.448460 0.229106 0.448460 0.229106 0.485127 0.146606 0.485127
9 0.162006 0.841196 0.242962 0.830604 0.253554 0.866584 0.172598 0.877176
8 0.752502 0.789647 0.834705 0.794311 0.830041 0.830846 0.747838 0.826182
15 0.275808 0.885642 0.358234 0.887968 0.355908 0.924602 0.273482 0.922276
14 0.625703 0.885335 0.705452 0.871248 0.719538 0.906692 0.639790 0.920779
11 0.284507 0.844552 0.366628 0.849821 0.361358 0.886319 0.279238 0.881050
10 0.603762 0.841861 0.683929 0.828875 0.696916 0.864504 0.616748 0.877491
6 0.533825 0.315119 0.557751 0.262483 0.610387 0.273116 0.586462 0.325753
7 0.333181 0.284695 0.393293 0.322365 0.355623 0.349081 0.295511 0.311411
