4 0.572740 0.392720 0.655240 0.392720 0.655240 0.429387 0.572740 0.429387
5 0.339579 0.396174 0.422079 0.396174 0.422079 0.432841 0.339579 0.432841
2 0.739146 0.429426 0.821403 0.425207 0.825621 0.461766 0.743364 0.465984
12 0.745160 0.471444 0.826674 0.462967 0.835151 0.499195 0.753637 0.507672
3 0.159384 0.426160 0.241816 0.428396 0.239580 0.465032 0.157148 0.462796
13 0.155641 0.468713 0.238141 0.468713 0.238141 0.505380 0.155641 0.505380
9 0.136280 0.817153 0.218692 0.814613 0.221233 0.851240 0.138821 0.853781
8 0.774099 0.803257 0.851128 0.796360 0.858025 0.830594 0.780997 0.837492
11 0.289194 0.869961 0.371694 0.869961 0.371694 0.906628 0.289194 0.906628
10 0.620766 0.870271 0.703266 0.870271 0.703266 0.906938 0.620766 0.906938
14 0.620534 0.908221 0.703034 0.908221 0.703034 0.944888 0.620534 0.944888
15 0.287301 0.910901 0.369801 0.910901 0.369801 0.947567 0.287301 0.947567
1 0.382772 0.445308 0.632772 0.445308 0.632772 0.556419 0.382772 0.556419
6 0.532031 0.302984 0.577531 0.257105 0.623410 0.277327 0.577910 0.323206
7 0.376359 0.247079 0.431432 0.288030 0.390480 0.312507 0.335408 0.271556
16 0.573223 0.424145 0.655723 0.424145 0.655723 0.460811 0.573223 0.460811
