4 0.572740 0.358178 0.655240 0.358178 0.655240 0.394845 0.572740 0.394845
5 0.326626 0.358178 0.409126 0.358178 0.409126 0.394845 0.326626 0.394845
2 0.696760 0.356976 0.778961 0.352294 0.783643 0.388828 0.701442 0.393510
12 0.703033 0.394907 0.784580 0.386574 0.792914 0.422817 0.711366 0.431150
3 0.182481 0.346398 0.262065 0.360891 0.247571 0.396262 0.167987 0.381768
13 0.173102 0.380187 0.253562 0.392343 0.241406 0.428103 0.160946 0.415947
15 0.294375 0.836015 0.376875 0.836015 0.376875 0.872682 0.294375 0.872682
14 0.616050 0.830834 0.698550 0.830834 0.698550 0.867500 0.616050 0.867500
10 0.613691 0.792263 0.696191 0.792263 0.696191 0.828930 0.613691 0.828930
11 0.296502 0.793991 0.379002 0.793991 0.379002 0.830657 0.296502 0.830657
1 0.375000 0.381405 0.625000 0.381405 0.625000 0.492516 0.375000 0.492516
16 0.575364 0.389888 0.657864 0.389888 0.657864 0.426555 0.575364 0.426555
