4 0.588284 0.396174 0.670784 0.396174 0.670784 0.432841 0.588284 0.432841
5 0.357714 0.394447 0.440214 0.394447 0.440214 0.431114 0.357714 0.431114
2 0.698431 0.402007 0.776980 0.385190 0.793797 0.420101 0.715248 0.436917
12 0.707106 0.426018 0.787030 0.412381 0.800666 0.447903 0.720742 0.461539
3 0.189093 0.378177 0.270521 0.387014 0.261684 0.423205 0.180256 0.414367
13 0.177839 0.418961 0.260230 0.421796 0.257394 0.458414 0.175004 0.455579
10 0.640097 0.751960 0.722597 0.751960 0.722597 0.788627 0.640097 0.788627
14 0.637506 0.822772 0.720006 0.822772 0.720006 0.859439 0.637506 0.859439
11 0.343011 0.748765 0.423988 0.759287 0.413465 0.795277 0.332489 0.784754
1 0.387953 0.417674 0.637953 0.417674 0.637953 0.528785 0.387953 0.528785
