4 0.572740 0.358178 0.655240 0.358178 0.655240 0.394845 0.572740 0.394845
5 0.326626 0.358178 0.409126 0.358178 0.409126 0.394845 0.326626 0.394845
2 0.715626 0.355404 0.797827 0.350722 0.802509 0.387256 0.720308 0.391938
12 0.721899 0.390190 0.803446 0.381857 0.811780 0.418100 0.730232 0.426433
3 0.182481 0.346398 0.262065 0.360891 0.247571 0.396262 0.167987 0.381768
13 0.173102 0.380187 0.253562 0.392343 0.241406 0.428103 0.160946 0.415947
15 0.282584 0.795138 0.365084 0.795138 0.365084 0.831805 0.282584 0.831805
14 0.634916 0.789957 0.717416 0.789957 0.717416 0.826623 0.634916 0.826623
10 0.634916 0.710509 0.717416 0.710509 0.717416 0.747176 0.634916 0.747176
11 0.279994 0.712237 0.362494 0.712237 0.362494 0.748903 0.279994 0.748903
1 0.375000 0.381405 0.625000 0.381405 0.625000 0.492516 0.375000 0.492516
