4 0.567897 0.389276 0.650397 0.389276 0.650397 0.425922 0.567897 0.425922
5 0.332014 0.391003 0.414514 0.391003 0.414514 0.427650 0.332014 0.427650
2 0.711160 0.410002 0.793660 0.410002 0.793660 0.446648 0.711160 0.446648
12 0.714492 0.447501 0.796978 0.448501 0.795979 0.485141 0.713492 0.484142
3 0.163527 0.425546 0.246027 0.425546 0.246027 0.462192 0.163527 0.462192
13 0.166119 0.465269 0.248619 0.465269 0.248619 0.501916 0.166119 0.501916
8 0.746752 0.827964 0.829252 0.827964 0.829252 0.864610 0.746752 0.864610
9 0.135351 0.842765 0.216020 0.831247 0.227544 0.867080 0.146876 0.878598
15 0.293167 0.890030 0.375667 0.890030 0.375667 0.926677 0.293167 0.926677
14 0.624424 0.883587 0.706924 0.883587 0.706924 0.920233 0.624424 0.920233
10 0.628446 0.841563 0.710946 0.841563 0.710946 0.878209 0.628446 0.878209
11 0.294794 0.845172 0.377294 0.845172 0.377294 0.881818 0.294794 0.881818
1 0.359725 0.434976 0.609725 0.434976 0.609725 0.546026 0.359725 0.546026
16 0.568990 0.424789 0.651490 0.424789 0.651490 0.461435 0.568990 0.461435
