4 0.617120 0.283922 0.699620 0.283922 0.699620 0.320568 0.617120 0.320568
5 0.298335 0.280468 0.380835 0.280468 0.380835 0.317115 0.298335 0.317115
2 0.812757 0.322784 0.891133 0.305614 0.908294 0.340429 0.829917 0.357599
12 0.830569 0.365059 0.908255 0.346547 0.926757 0.381054 0.849071 0.399568
3 0.114047 0.298991 0.192772 0.315436 0.176336 0.350406 0.097611 0.333960
13 0.097384 0.334154 0.176801 0.349049 0.161914 0.384327 0.082497 0.369431
8 0.725155 0.885199 0.802542 0.904261 0.783491 0.938635 0.706104 0.919574
9 0.145714 0.904941 0.226383 0.893423 0.237907 0.929256 0.157239 0.940774
10 0.624931 0.803784 0.707431 0.803784 0.707431 0.840430 0.624931 0.840430
11 0.278961 0.805930 0.361365 0.808590 0.358706 0.845193 0.276303 0.842533
1 0.372678 0.326168 0.622678 0.326168 0.622678 0.437218 0.372678 0.437218
7 0.408107 0.127790 0.474385 0.160542 0.441634 0.189999 0.375356 0.157247
6 0.548136 0.202648 0.576346 0.150963 0.628030 0.163501 0.599820 0.215186
16 0.618439 0.318564 0.700939 0.318564 0.700939 0.355231 0.618439 0.355231
