4 0.545088 0.404817 0.627588 0.404817 0.627588 0.441483 0.545088 0.441483
5 0.297460 0.402919 0.379960 0.402919 0.379960 0.439586 0.297460 0.439586
2 0.693095 0.438972 0.775595 0.438972 0.775595 0.475639 0.693095 0.475639
12 0.693095 0.471230 0.775595 0.471230 0.775595 0.507897 0.693095 0.507897
3 0.135221 0.437075 0.217721 0.437075 0.217721 0.473741 0.135221 0.473741
13 0.132374 0.473128 0.214874 0.473128 0.214874 0.509794 0.132374 0.509794
10 0.632999 0.853554 0.715499 0.853554 0.715499 0.890221 0.632999 0.890221
14 0.637715 0.893511 0.720215 0.893511 0.720215 0.930178 0.637715 0.930178
9 0.155589 0.798781 0.235846 0.786042 0.248585 0.821712 0.168329 0.834451
8 0.780566 0.811678 0.863032 0.810114 0.864596 0.846766 0.782129 0.848330
1 0.347486 0.422623 0.597486 0.422623 0.597486 0.533734 0.347486 0.533734
11 0.293218 0.847315 0.373893 0.858821 0.362387 0.894676 0.281712 0.883170
15 0.277231 0.886305 0.358708 0.894939 0.350075 0.931151 0.268597 0.922518
16 0.548736 0.431417 0.631236 0.431417 0.631236 0.468083 0.548736 0.468083
