4 0.583102 0.396174 0.665602 0.396174 0.665602 0.432841 0.583102 0.432841
5 0.326626 0.396174 0.409126 0.396174 0.409126 0.432841 0.326626 0.432841
2 0.741191 0.394371 0.808456 0.384187 0.818640 0.414083 0.751374 0.424267
12 0.738151 0.425990 0.819821 0.418212 0.827600 0.454510 0.745929 0.462288
3 0.192963 0.389507 0.272477 0.404169 0.257815 0.439509 0.178300 0.424847
13 0.182213 0.427641 0.263268 0.437889 0.253020 0.473914 0.171965 0.463665
11 0.284806 0.799336 0.367306 0.799336 0.367306 0.836003 0.284806 0.836003
10 0.621840 0.797691 0.704340 0.797691 0.704340 0.834358 0.621840 0.834358
14 0.627144 0.857314 0.709644 0.857314 0.709644 0.893981 0.627144 0.893981
1 0.385363 0.419401 0.635363 0.419401 0.635363 0.530512 0.385363 0.530512
6 0.597027 0.269301 0.641522 0.278605 0.620589 0.323100 0.576094 0.313796
7 0.391561 0.261986 0.415326 0.317340 0.364916 0.326959 0.341150 0.271606
15 0.282093 0.853696 0.364593 0.853696 0.364593 0.890363 0.282093 0.890363
