4 0.583102 0.396174 0.665602 0.396174 0.665602 0.432841 0.583102 0.432841
5 0.326626 0.396174 0.409126 0.396174 0.409126 0.432841 0.326626 0.432841
2 0.743659 0.396016 0.810924 0.385832 0.821108 0.415728 0.753842 0.425912
12 0.748022 0.422700 0.829692 0.414922 0.837471 0.451220 0.755800 0.458998
3 0.192963 0.389507 0.272477 0.404169 0.257815 0.439509 0.178300 0.424847
13 0.182213 0.427641 0.263268 0.437889 0.253020 0.473914 0.171965 0.463665
11 0.277403 0.779594 0.359903 0.779594 0.359903 0.816261 0.277403 0.816261
10 0.619372 0.779594 0.701872 0.779594 0.701872 0.816261 0.619372 0.816261
14 0.627144 0.857314 0.709644 0.857314 0.709644 0.893981 0.627144 0.893981
1 0.385363 0.419401 0.635363 0.419401 0.635363 0.530512 0.385363 0.530512
6 0.597027 0.269301 0.641522 0.278605 0.620589 0.323100 0.576094 0.313796
7 0.391561 0.261986 0.415326 0.317340 0.364916 0.326959 0.341150 0.271606
15 0.272222 0.850406 0.354722 0.850406 0.354722 0.887073 0.272222 0.887073
