4 0.559786 0.387538 0.642286 0.387538 0.642286 0.424205 0.559786 0.424205
5 0.342170 0.385811 0.424670 0.385811 0.424670 0.422478 0.342170 0.422478
2 0.727992 0.364764 0.795257 0.354580 0.805441 0.384476 0.738175 0.394660
12 0.718452 0.400407 0.799053 0.388676 0.810784 0.424499 0.730182 0.436230
3 0.210238 0.380789 0.289752 0.395451 0.275090 0.430791 0.195575 0.416129
13 0.197388 0.415551 0.278443 0.425799 0.268195 0.461824 0.187140 0.451575
11 0.290234 0.809624 0.372734 0.809624 0.372734 0.846291 0.290234 0.846291
10 0.569279 0.812587 0.651779 0.812587 0.651779 0.849254 0.569279 0.849254
14 0.573723 0.855840 0.656223 0.855840 0.656223 0.892507 0.573723 0.892507
1 0.359456 0.407311 0.609456 0.407311 0.609456 0.518422 0.359456 0.518422
6 0.592918 0.266694 0.634783 0.280388 0.603972 0.322253 0.562108 0.308559
15 0.290234 0.858721 0.372734 0.858721 0.372734 0.895388 0.290234 0.895388
16 0.566161 0.414821 0.648661 0.414821 0.648661 0.451487 0.566161 0.451487
