4 0.559786 0.387538 0.642286 0.387538 0.642286 0.424205 0.559786 0.424205
5 0.342170 0.385811 0.424670 0.385811 0.424670 0.422478 0.342170 0.422478
2 0.717517 0.361474 0.784782 0.351290 0.794966 0.381186 0.727700 0.391370
12 0.717848 0.395605 0.798449 0.383874 0.810180 0.419697 0.729578 0.431428
3 0.208977 0.373806 0.288491 0.388468 0.273829 0.423808 0.194314 0.409146
13 0.200661 0.413772 0.281716 0.424020 0.271468 0.460045 0.190413 0.449796
11 0.301111 0.812406 0.383611 0.812406 0.383611 0.849073 0.301111 0.849073
10 0.587814 0.812615 0.670314 0.812615 0.670314 0.849282 0.587814 0.849282
14 0.590796 0.852916 0.673296 0.852916 0.673296 0.889583 0.590796 0.889583
1 0.359456 0.407311 0.609456 0.407311 0.609456 0.518422 0.359456 0.518422
6 0.592918 0.266694 0.634783 0.280388 0.603972 0.322253 0.562108 0.308559
15 0.301111 0.858516 0.383611 0.858516 0.383611 0.895183 0.301111 0.895183
