4 0.593465 0.408264 0.675965 0.408264 0.675965 0.444931 0.593465 0.444931
5 0.334398 0.406537 0.416898 0.406537 0.416898 0.443204 0.334398 0.443204
2 0.751431 0.396016 0.818696 0.385832 0.828880 0.415728 0.761614 0.425912
12 0.751762 0.428368 0.832362 0.416638 0.844094 0.452460 0.763492 0.464191
3 0.180010 0.370509 0.259524 0.385171 0.244862 0.420511 0.165347 0.405849
13 0.169260 0.408643 0.250315 0.418891 0.240067 0.454916 0.159012 0.444667
11 0.303079 0.746297 0.384351 0.755754 0.374894 0.791875 0.293623 0.782418
10 0.575110 0.762919 0.655454 0.750429 0.667944 0.786139 0.587599 0.798628
14 0.589910 0.802281 0.669542 0.787905 0.683918 0.823297 0.604287 0.837673
6 0.640536 0.282088 0.685987 0.289041 0.670344 0.334492 0.624893 0.327539
15 0.287851 0.789782 0.368989 0.799736 0.359035 0.835797 0.277897 0.825843
7 0.400673 0.261169 0.432463 0.311922 0.381710 0.326051 0.349920 0.275298
1 0.377591 0.412493 0.627591 0.412493 0.627591 0.523604 0.377591 0.523604
16 0.593545 0.434736 0.676045 0.434736 0.676045 0.471403 0.593545 0.471403
