4 0.577921 0.375449 0.660421 0.375449 0.660421 0.412116 0.577921 0.412116
5 0.349942 0.378903 0.432442 0.378903 0.432442 0.415570 0.349942 0.415570
2 0.731095 0.364364 0.811754 0.352810 0.823309 0.388658 0.742650 0.400213
12 0.740243 0.402928 0.819408 0.387449 0.834887 0.422634 0.755721 0.438112
3 0.188751 0.357874 0.267677 0.373888 0.251663 0.408966 0.172738 0.392952
13 0.182536 0.395053 0.260438 0.413156 0.242335 0.447780 0.164432 0.429676
10 0.638593 0.809417 0.719704 0.799368 0.729753 0.835418 0.648642 0.845467
14 0.653123 0.849508 0.733611 0.837435 0.745684 0.873207 0.665196 0.885281
15 0.355906 0.847996 0.438406 0.847996 0.438406 0.884663 0.355906 0.884663
1 0.385363 0.409039 0.635363 0.409039 0.635363 0.520150 0.385363 0.520150
7 0.382682 0.260893 0.418242 0.310522 0.368613 0.326326 0.333053 0.276698
6 0.558732 0.302206 0.593447 0.252313 0.643341 0.267742 0.608626 0.317635
11 0.351099 0.809069 0.433599 0.809069 0.433599 0.845735 0.351099 0.845735
16 0.578608 0.399884 0.661108 0.399884 0.661108 0.436551 0.578608 0.436551
