4 0.609010 0.273549 0.691510 0.273549 0.691510 0.310216 0.609010 0.310216
5 0.322947 0.274686 0.405378 0.272443 0.407623 0.309079 0.325191 0.311323
2 0.798144 0.286883 0.872921 0.263648 0.896156 0.296882 0.821379 0.320117
12 0.831644 0.328712 0.904950 0.308828 0.924834 0.341411 0.851526 0.361292
3 0.125926 0.268426 0.205250 0.283539 0.190136 0.318794 0.110813 0.303680
13 0.106708 0.300420 0.185081 0.317596 0.167903 0.352430 0.089530 0.335252
11 0.274812 0.750234 0.357312 0.750234 0.357312 0.786900 0.274812 0.786900
10 0.661424 0.747919 0.743904 0.749102 0.742721 0.785761 0.660240 0.784578
1 0.393135 0.300230 0.643135 0.300230 0.643135 0.411341 0.393135 0.411341
9 0.074371 0.736608 0.156738 0.739738 0.153608 0.776345 0.071242 0.773215
8 0.849992 0.741547 0.932491 0.741648 0.932391 0.778314 0.849891 0.778214
7 0.392469 0.163025 0.407700 0.217080 0.353645 0.223849 0.338414 0.169794
16 0.603827 0.384085 0.686327 0.384085 0.686327 0.420751 0.603827 0.420751
6 0.580618 0.216152 0.592982 0.161773 0.647361 0.167268 0.634997 0.221647
