4 0.526127 0.368540 0.608627 0.368540 0.608627 0.405207 0.526127 0.405207
5 0.302944 0.389208 0.384860 0.382675 0.391394 0.419082 0.309478 0.425616
2 0.690803 0.397096 0.772352 0.388768 0.780681 0.425012 0.699132 0.433340
12 0.694680 0.429929 0.776812 0.424758 0.781990 0.461265 0.699857 0.466432
3 0.209011 0.434417 0.291387 0.437435 0.288369 0.474046 0.205994 0.471028
13 0.210609 0.480238 0.293090 0.481376 0.291951 0.518036 0.209469 0.516896
11 0.296380 0.771872 0.372122 0.791263 0.352753 0.824925 0.277011 0.805534
10 0.573357 0.758282 0.655837 0.759465 0.654654 0.796124 0.572173 0.794941
15 0.262039 0.839821 0.344539 0.839951 0.344410 0.876617 0.261910 0.876488
1 0.354290 0.426310 0.604290 0.426310 0.604290 0.537421 0.354290 0.537421
9 0.159545 0.807723 0.241958 0.810224 0.239471 0.846854 0.157057 0.844352
8 0.657805 0.784219 0.739324 0.792676 0.730877 0.828907 0.649357 0.820451
16 0.518358 0.458351 0.600858 0.458351 0.600858 0.495017 0.518358 0.495017
6 0.519574 0.324685 0.554246 0.274750 0.604153 0.290168 0.569481 0.340103
14 0.548215 0.848920 0.620181 0.822014 0.647072 0.854017 0.575106 0.880923
