4 0.559787 0.392720 0.642287 0.392720 0.642287 0.429387 0.559787 0.429387
5 0.336604 0.403025 0.418520 0.396492 0.425054 0.432899 0.343138 0.439433
2 0.675268 0.417821 0.756817 0.409493 0.765146 0.445737 0.683597 0.454065
12 0.678967 0.459902 0.759306 0.447397 0.771811 0.483105 0.691471 0.495607
3 0.183119 0.417146 0.265495 0.420164 0.262477 0.456775 0.180102 0.453757
13 0.182127 0.454331 0.264608 0.455469 0.263469 0.492129 0.180987 0.490989
11 0.331807 0.779595 0.414307 0.779595 0.414307 0.816261 0.331807 0.816261
10 0.601839 0.779007 0.684319 0.780190 0.683136 0.816849 0.600655 0.815666
14 0.614381 0.862306 0.696879 0.862686 0.696499 0.899351 0.614001 0.898972
15 0.329216 0.860768 0.411716 0.860768 0.411716 0.897435 0.329216 0.897435
1 0.380182 0.429764 0.630182 0.429764 0.630182 0.540875 0.380182 0.540875
9 0.200450 0.824782 0.281496 0.814500 0.291778 0.850520 0.210732 0.860802
8 0.725640 0.808905 0.808139 0.809006 0.808039 0.845672 0.725539 0.845572
7 0.379620 0.283302 0.415893 0.332701 0.366494 0.348822 0.330221 0.299423
16 0.559786 0.473895 0.642286 0.473895 0.642286 0.510561 0.559786 0.510561
