4 0.588285 0.371994 0.670785 0.371994 0.670785 0.408661 0.588285 0.408661
5 0.363030 0.371860 0.445529 0.372131 0.445260 0.408797 0.362760 0.408527
2 0.699814 0.381920 0.782304 0.382800 0.781425 0.419462 0.698935 0.418582
12 0.701291 0.417485 0.792602 0.419306 0.790779 0.459891 0.699469 0.458066
3 0.202478 0.388911 0.284971 0.389625 0.284255 0.426288 0.201764 0.425574
13 0.203542 0.422600 0.285959 0.425052 0.283505 0.461683 0.201087 0.459230
11 0.349864 0.771740 0.432364 0.771740 0.432364 0.808406 0.349864 0.808406
10 0.618686 0.775819 0.707139 0.775689 0.707269 0.815004 0.618814 0.815134
1 0.398317 0.384859 0.648317 0.384859 0.648317 0.495970 0.398317 0.495970
9 0.209689 0.749006 0.292170 0.747804 0.293372 0.784461 0.210891 0.785664
15 0.347273 0.820624 0.429773 0.820624 0.429773 0.857291 0.347273 0.857291
14 0.621336 0.820832 0.703836 0.820832 0.703836 0.857499 0.621336 0.857499
