4 0.609010 0.239006 0.691510 0.239006 0.691510 0.275673 0.609010 0.275673
5 0.316398 0.242326 0.398897 0.242597 0.398628 0.279263 0.316128 0.278993
2 0.790736 0.257863 0.866928 0.236771 0.888021 0.270634 0.811828 0.291726
12 0.806937 0.294859 0.893170 0.274759 0.913270 0.313087 0.827036 0.333183
3 0.110382 0.258063 0.189706 0.273177 0.174592 0.308431 0.095269 0.293318
13 0.091164 0.293512 0.169537 0.310688 0.152359 0.345521 0.073986 0.328344
11 0.269631 0.665606 0.352131 0.665606 0.352131 0.702272 0.269631 0.702272
10 0.661424 0.663291 0.743904 0.664474 0.742721 0.701133 0.660240 0.699950
1 0.382773 0.258780 0.632773 0.258780 0.632773 0.369891 0.382773 0.369891
9 0.082511 0.731840 0.164992 0.730638 0.166194 0.767295 0.083713 0.768498
8 0.826676 0.726003 0.909175 0.726104 0.909075 0.762770 0.826575 0.762670
