4 0.588285 0.371994 0.670785 0.371994 0.670785 0.408661 0.588285 0.408661
5 0.363030 0.371860 0.445529 0.372131 0.445260 0.408797 0.362760 0.408527
2 0.710490 0.381920 0.792980 0.382800 0.792101 0.419462 0.709611 0.418582
12 0.703960 0.417485 0.795271 0.419306 0.793448 0.459891 0.702138 0.458066
3 0.207816 0.388911 0.290309 0.389625 0.289593 0.426288 0.207102 0.425574
13 0.203542 0.422600 0.285959 0.425052 0.283505 0.461683 0.201087 0.459230
11 0.352533 0.686331 0.435033 0.686331 0.435033 0.722997 0.352533 0.722997
10 0.626693 0.685072 0.715146 0.684942 0.715276 0.724257 0.626821 0.724387
1 0.398317 0.384859 0.648317 0.384859 0.648317 0.495970 0.398317 0.495970
9 0.201682 0.752565 0.284163 0.751363 0.285365 0.788020 0.202884 0.789223
15 0.349942 0.776140 0.432442 0.776140 0.432442 0.812807 0.349942 0.812807
14 0.642688 0.769231 0.725188 0.769231 0.725188 0.805898 0.642688 0.805898
