8 0.804871 0.792015 0.882384 0.810839 0.863548 0.845290 0.786036 0.826466
9 0.115005 0.791872 0.197315 0.788127 0.201054 0.824708 0.118745 0.828454
4 0.596410 0.375459 0.678910 0.375459 0.678910 0.412106 0.596410 0.412106
5 0.332014 0.375459 0.414514 0.375459 0.414514 0.412106 0.332014 0.412106
1 0.380462 0.396980 0.630462 0.396980 0.630462 0.508029 0.380462 0.508029
11 0.282685 0.839946 0.365185 0.839946 0.365185 0.876592 0.282685 0.876592
14 0.606465 0.880508 0.688965 0.880508 0.688965 0.917155 0.606465 0.917155
15 0.282607 0.878729 0.365107 0.878729 0.365107 0.915376 0.282607 0.915376
10 0.609291 0.839789 0.691791 0.839789 0.691791 0.876435 0.609291 0.876435
2 0.754028 0.406644 0.835891 0.399826 0.842713 0.436189 0.760850 0.443007
12 0.766173 0.449235 0.847585 0.440336 0.856489 0.476499 0.775078 0.485398
3 0.178741 0.395714 0.257468 0.412149 0.241023 0.447119 0.162297 0.430684
13 0.164387 0.432827 0.243873 0.447550 0.229142 0.482857 0.149657 0.468135
16 0.596388 0.409852 0.678888 0.409852 0.678888 0.446498 0.596388 0.446498
