9 0.158546 0.774500 0.234514 0.753049 0.255959 0.786813 0.179992 0.808264
4 0.596410 0.375459 0.678910 0.375459 0.678910 0.412106 0.596410 0.412106
5 0.332014 0.375459 0.414514 0.375459 0.414514 0.412106 0.332014 0.412106
1 0.406369 0.384890 0.656369 0.384890 0.656369 0.495939 0.406369 0.495939
11 0.295732 0.818685 0.377906 0.823569 0.373025 0.860071 0.290851 0.855187
14 0.609375 0.888413 0.691875 0.888413 0.691875 0.925059 0.609375 0.925059
15 0.285358 0.883231 0.367858 0.883231 0.367858 0.919878 0.285358 0.919878
10 0.591237 0.826236 0.673737 0.826236 0.673737 0.862883 0.591237 0.862883
2 0.765552 0.389730 0.846509 0.379145 0.857096 0.415106 0.776139 0.425691
12 0.776536 0.428510 0.857948 0.419610 0.866852 0.455773 0.785440 0.464673
3 0.176823 0.398520 0.258020 0.408244 0.248283 0.444312 0.167087 0.434589
13 0.166468 0.436507 0.247660 0.446252 0.237904 0.482318 0.156713 0.472573
8 0.743108 0.744729 0.816146 0.770305 0.790570 0.802766 0.717533 0.777191
