8 0.758136 0.795502 0.840527 0.798273 0.837744 0.834895 0.755354 0.832123
9 0.192149 0.837742 0.272725 0.825929 0.284532 0.861740 0.203957 0.873554
4 0.627498 0.387549 0.709998 0.387549 0.709998 0.424196 0.627498 0.424196
5 0.373465 0.389276 0.455965 0.389276 0.455965 0.425923 0.373465 0.425923
1 0.421913 0.407343 0.671913 0.407343 0.671913 0.518392 0.421913 0.518392
11 0.349673 0.802432 0.422710 0.802432 0.422710 0.834874 0.349673 0.834874
14 0.651705 0.833238 0.729277 0.814514 0.747991 0.848972 0.670419 0.867696
15 0.362639 0.861243 0.444890 0.856970 0.449161 0.893506 0.366910 0.897779
2 0.746256 0.399736 0.828119 0.392918 0.834941 0.429281 0.753078 0.436099
12 0.753220 0.442327 0.834632 0.433428 0.843536 0.469591 0.762125 0.478490
3 0.200417 0.422693 0.282435 0.428611 0.276502 0.465045 0.194485 0.459127
13 0.203357 0.456463 0.282364 0.465263 0.273553 0.500359 0.194547 0.491559
16 0.630886 0.418140 0.713386 0.418140 0.713386 0.454807 0.630886 0.454807
