8 0.829153 0.668584 0.863403 0.718617 0.813359 0.733834 0.779111 0.683801
9 0.335784 0.739630 0.367672 0.676246 0.431052 0.690422 0.399166 0.753806
4 0.647807 0.417529 0.727640 0.403659 0.741503 0.439121 0.661669 0.452991
5 0.403100 0.435626 0.484419 0.426352 0.493688 0.462475 0.412369 0.471748
1 0.457076 0.457188 0.705362 0.437707 0.724833 0.547994 0.476547 0.567476
11 0.391124 0.831793 0.464161 0.831793 0.464161 0.864235 0.391124 0.864235
14 0.716628 0.877882 0.794200 0.859158 0.812914 0.893616 0.735342 0.912340
15 0.405521 0.883439 0.487953 0.885671 0.485723 0.922287 0.403290 0.920056
2 0.769572 0.403190 0.851435 0.396372 0.858257 0.432735 0.776394 0.439553
12 0.773945 0.444054 0.855357 0.435155 0.864261 0.471318 0.782850 0.480217
3 0.177392 0.449805 0.251354 0.474166 0.226988 0.507018 0.153027 0.482657
13 0.154615 0.487761 0.224290 0.514107 0.197942 0.545054 0.128269 0.518708
10 0.702273 0.814136 0.784773 0.814136 0.784773 0.850803 0.702273 0.850803
16 0.664297 0.453947 0.742872 0.437184 0.759635 0.472107 0.681060 0.488869
