8 0.717999 0.797836 0.800121 0.792604 0.805342 0.829107 0.723222 0.834339
9 0.251949 0.813655 0.328512 0.803440 0.338722 0.837467 0.262160 0.847684
4 0.642797 0.395972 0.716364 0.396912 0.715425 0.429590 0.641857 0.428650
5 0.415401 0.390526 0.497889 0.391485 0.496930 0.428127 0.414443 0.427167
1 0.444711 0.403596 0.694636 0.407670 0.690566 0.518685 0.440640 0.514612
11 0.360036 0.785161 0.433073 0.785161 0.433073 0.817603 0.360036 0.817603
14 0.602893 0.838823 0.685308 0.841321 0.682812 0.877930 0.600397 0.875433
15 0.349493 0.826139 0.431803 0.829871 0.428074 0.866433 0.345763 0.862702
2 0.740736 0.414322 0.823196 0.412608 0.824917 0.449236 0.742457 0.450951
12 0.743438 0.449716 0.825765 0.453264 0.822229 0.489835 0.739903 0.486287
3 0.224987 0.385413 0.305470 0.397489 0.293383 0.433241 0.212900 0.421165
13 0.215896 0.418765 0.295064 0.426896 0.286920 0.462064 0.207754 0.453932
10 0.621962 0.781321 0.704462 0.781321 0.704462 0.817988 0.621962 0.817988
16 0.640843 0.428098 0.723343 0.428098 0.723343 0.464764 0.640843 0.464764
