4 0.590874 0.340907 0.673374 0.340907 0.673374 0.377573 0.590874 0.377573
5 0.334398 0.344361 0.416898 0.344361 0.416898 0.381028 0.334398 0.381028
2 0.744135 0.401741 0.826403 0.397619 0.830525 0.434183 0.748257 0.438305
12 0.751267 0.443927 0.833367 0.438514 0.838780 0.475002 0.756680 0.480416
3 0.160823 0.397902 0.243323 0.397902 0.243323 0.434568 0.160823 0.434568
13 0.160823 0.434171 0.243323 0.434171 0.243323 0.470838 0.160823 0.470838
9 0.189839 0.807910 0.270676 0.796922 0.281664 0.832850 0.200827 0.843838
8 0.739556 0.795282 0.820454 0.806069 0.809667 0.842023 0.728769 0.831237
15 0.314221 0.856267 0.396721 0.856267 0.396721 0.892933 0.314221 0.892933
14 0.608617 0.859825 0.691117 0.859825 0.691117 0.896491 0.608617 0.896491
11 0.316655 0.815861 0.399155 0.815861 0.399155 0.852527 0.316655 0.852527
10 0.611365 0.817640 0.693865 0.817640 0.693865 0.854306 0.611365 0.854306
1 0.385363 0.360679 0.635363 0.360679 0.635363 0.471790 0.385363 0.471790
16 0.591055 0.376650 0.673555 0.376650 0.673555 0.413317 0.591055 0.413317
