4 0.590874 0.340907 0.673374 0.340907 0.673374 0.377573 0.590874 0.377573
5 0.334398 0.344361 0.416898 0.344361 0.416898 0.381028 0.334398 0.381028
2 0.752142 0.401741 0.834410 0.397619 0.838532 0.434183 0.756264 0.438305
12 0.761943 0.442148 0.844043 0.436735 0.849456 0.473223 0.767356 0.478637
3 0.160823 0.397902 0.243323 0.397902 0.243323 0.434568 0.160823 0.434568
13 0.160823 0.434171 0.243323 0.434171 0.243323 0.470838 0.160823 0.470838
9 0.189839 0.807910 0.270676 0.796922 0.281664 0.832850 0.200827 0.843838
8 0.739556 0.795282 0.820454 0.806069 0.809667 0.842023 0.728769 0.831237
15 0.295538 0.833135 0.378038 0.833135 0.378038 0.869801 0.295538 0.869801
14 0.621962 0.833135 0.704462 0.833135 0.704462 0.869801 0.621962 0.869801
11 0.303310 0.757142 0.385810 0.757142 0.385810 0.793808 0.303310 0.793808
10 0.619372 0.757142 0.701872 0.757142 0.701872 0.793808 0.619372 0.793808
1 0.385363 0.360679 0.635363 0.360679 0.635363 0.471790 0.385363 0.471790
