4 0.621962 0.163014 0.704462 0.163014 0.704462 0.199680 0.621962 0.199680
5 0.295538 0.163014 0.378038 0.163014 0.378038 0.199681 0.295538 0.199681
2 0.803832 0.200403 0.880470 0.180042 0.900832 0.214104 0.824193 0.234465
12 0.827602 0.235374 0.905412 0.217092 0.923693 0.251673 0.845884 0.269956
3 0.122415 0.176454 0.198832 0.197183 0.178104 0.231145 0.101687 0.210417
9 0.163990 0.638922 0.240787 0.618828 0.260881 0.652961 0.184084 0.673054
8 0.793147 0.626892 0.871579 0.643949 0.854522 0.678807 0.776089 0.661751
11 0.282585 0.658696 0.365085 0.658696 0.365085 0.695362 0.282585 0.695362
10 0.653051 0.656969 0.735551 0.656969 0.735551 0.693635 0.653051 0.693635
1 0.375000 0.181059 0.625000 0.181059 0.625000 0.292170 0.375000 0.292170
13 0.101459 0.211101 0.178049 0.231542 0.157609 0.265583 0.081018 0.245142
16 0.620928 0.199074 0.703428 0.199074 0.703428 0.235740 0.620928 0.235740
