4 0.590874 0.340907 0.673374 0.340907 0.673374 0.377573 0.590874 0.377573
5 0.334398 0.344361 0.416898 0.344361 0.416898 0.381028 0.334398 0.381028
2 0.749473 0.405300 0.831741 0.401178 0.835863 0.437742 0.753595 0.441864
12 0.753936 0.445707 0.836036 0.440294 0.841449 0.476782 0.759349 0.482196
3 0.160823 0.397902 0.243323 0.397902 0.243323 0.434568 0.160823 0.434568
13 0.160823 0.434171 0.243323 0.434171 0.243323 0.470838 0.160823 0.470838
9 0.189839 0.807910 0.270676 0.796922 0.281664 0.832850 0.200827 0.843838
8 0.739556 0.795282 0.820454 0.806069 0.809667 0.842023 0.728769 0.831237
15 0.298207 0.859825 0.380707 0.859825 0.380707 0.896491 0.298207 0.896491
14 0.616624 0.858046 0.699124 0.858046 0.699124 0.894712 0.616624 0.894712
11 0.300641 0.817640 0.383141 0.817640 0.383141 0.854306 0.300641 0.854306
10 0.614034 0.821199 0.696534 0.821199 0.696534 0.857865 0.614034 0.857865
1 0.385363 0.360679 0.635363 0.360679 0.635363 0.471790 0.385363 0.471790
