4 0.549777 0.375459 0.632277 0.375459 0.632277 0.412105 0.549777 0.412105
5 0.298334 0.380641 0.380834 0.380641 0.380834 0.417287 0.298334 0.417287
2 0.742843 0.399149 0.824254 0.390249 0.833159 0.426412 0.751748 0.435312
12 0.754861 0.435176 0.835524 0.423640 0.847063 0.459470 0.766399 0.471006
3 0.169388 0.393097 0.250432 0.403372 0.240146 0.439372 0.159102 0.429099
13 0.163499 0.435035 0.244839 0.444203 0.235655 0.480336 0.154315 0.471168
14 0.545989 0.875162 0.628487 0.874969 0.628674 0.911616 0.546174 0.911808
1 0.333829 0.410797 0.583829 0.410797 0.583829 0.521846 0.333829 0.521846
11 0.280420 0.848877 0.362908 0.849646 0.362122 0.886290 0.279634 0.885522
9 0.150849 0.801217 0.231568 0.789851 0.242934 0.825726 0.162214 0.837092
15 0.277168 0.889395 0.359668 0.889395 0.359668 0.926062 0.277168 0.926062
8 0.649741 0.739025 0.715275 0.772435 0.681865 0.801562 0.616331 0.768152
6 0.503056 0.265573 0.534058 0.214604 0.585027 0.228382 0.554025 0.279351
7 0.343661 0.327071 0.318901 0.274607 0.371365 0.263602 0.396125 0.316067
16 0.556204 0.404863 0.638704 0.404863 0.638704 0.441530 0.556204 0.441530
