4 0.593818 0.373732 0.676318 0.373732 0.676318 0.410378 0.593818 0.410378
5 0.329422 0.372005 0.411922 0.372005 0.411922 0.408651 0.329422 0.408651
2 0.740546 0.421177 0.822138 0.413046 0.830274 0.449289 0.748682 0.457420
12 0.753677 0.462390 0.835364 0.454693 0.843065 0.490978 0.761378 0.498675
3 0.155317 0.402716 0.234154 0.418914 0.217948 0.453933 0.139110 0.437736
13 0.141755 0.437960 0.219257 0.456802 0.200404 0.491228 0.122902 0.472386
14 0.570309 0.878920 0.652434 0.884151 0.647200 0.920631 0.565074 0.915400
10 0.577716 0.824979 0.660216 0.824979 0.660216 0.861626 0.577716 0.861626
1 0.377870 0.388344 0.627870 0.388344 0.627870 0.499393 0.377870 0.499393
11 0.301002 0.832486 0.379500 0.849398 0.362579 0.884267 0.284080 0.867355
16 0.593897 0.406533 0.676397 0.406533 0.676397 0.443179 0.593897 0.443179
