8 0.795736 0.623438 0.874169 0.640494 0.857114 0.675353 0.778681 0.658297
9 0.153038 0.644521 0.227681 0.621095 0.251107 0.654269 0.176464 0.677695
11 0.273900 0.655988 0.353043 0.655988 0.353043 0.691162 0.273900 0.691162
10 0.650460 0.655241 0.732960 0.655241 0.732960 0.691908 0.650460 0.691908
2 0.811508 0.212804 0.887850 0.191954 0.908700 0.225884 0.832358 0.246734
12 0.833219 0.248125 0.911900 0.231586 0.928439 0.266555 0.849758 0.283095
3 0.125598 0.176190 0.201560 0.197648 0.180101 0.231409 0.104140 0.209950
13 0.098441 0.217780 0.177136 0.234291 0.160626 0.269266 0.081931 0.252756
4 0.621962 0.168195 0.704462 0.168195 0.704462 0.204862 0.621962 0.204862
5 0.305900 0.173377 0.388400 0.173377 0.388400 0.210043 0.305900 0.210043
1 0.390544 0.201785 0.640544 0.201785 0.640544 0.312896 0.390544 0.312896
16 0.623417 0.199074 0.705917 0.199074 0.705917 0.235740 0.623417 0.235740
