4 0.590874 0.354724 0.673374 0.354724 0.673374 0.391390 0.590874 0.391390
5 0.336988 0.352997 0.419488 0.352997 0.419488 0.389663 0.336988 0.389663
2 0.754087 0.394447 0.836587 0.394447 0.836587 0.431114 0.754087 0.431114
12 0.759268 0.434171 0.841768 0.434171 0.841768 0.470838 0.759268 0.470838
3 0.163413 0.404810 0.245913 0.404810 0.245913 0.441477 0.163413 0.441477
13 0.163413 0.442807 0.245913 0.442807 0.245913 0.479473 0.163413 0.479473
9 0.182442 0.807312 0.263587 0.797383 0.273516 0.833448 0.192372 0.843377
8 0.741244 0.790719 0.822536 0.800094 0.813161 0.836224 0.731868 0.826849
15 0.300719 0.826226 0.383219 0.826226 0.383219 0.862893 0.300719 0.862893
14 0.624553 0.826226 0.707053 0.826226 0.707053 0.862893 0.624553 0.862893
11 0.298128 0.753687 0.380628 0.753687 0.380628 0.790354 0.298128 0.790354
10 0.624553 0.751960 0.707053 0.751960 0.707053 0.788627 0.624553 0.788627
1 0.380181 0.365861 0.630181 0.365861 0.630181 0.476972 0.380181 0.476972
