4 0.565441 0.350213 0.652694 0.350213 0.652694 0.388992 0.565441 0.388992
5 0.295538 0.351269 0.378038 0.351269 0.378038 0.387936 0.295538 0.387936
2 0.736172 0.373178 0.816729 0.361312 0.828595 0.397115 0.748038 0.408981
12 0.745160 0.409268 0.826674 0.400790 0.835151 0.437019 0.753637 0.445496
3 0.138628 0.396826 0.221064 0.399005 0.218885 0.435643 0.136449 0.433464
13 0.137691 0.434937 0.216483 0.441961 0.209459 0.476980 0.130667 0.469956
9 0.170782 0.796833 0.252689 0.790253 0.259270 0.826656 0.177362 0.833236
8 0.720370 0.678582 0.800497 0.691678 0.787402 0.727290 0.707275 0.714195
16 0.575330 0.423808 0.657830 0.423808 0.657830 0.460475 0.575330 0.460475
11 0.299038 0.701586 0.380924 0.708287 0.374223 0.744680 0.292338 0.737980
10 0.575899 0.710207 0.656973 0.700025 0.667155 0.736058 0.586081 0.746240
1 0.354275 0.369315 0.604275 0.369315 0.604275 0.480426 0.354275 0.480426
15 0.285411 0.742003 0.367491 0.747550 0.361944 0.784029 0.279864 0.778482
14 0.593675 0.751200 0.674143 0.739068 0.686275 0.774832 0.605807 0.786964
7 0.385281 0.232161 0.425926 0.280023 0.378064 0.298088 0.337419 0.250226
6 0.522345 0.266085 0.552900 0.214997 0.603989 0.228577 0.573434 0.279665
