9 0.233502 0.666628 0.284792 0.609385 0.342080 0.632163 0.290790 0.689406
8 0.801618 0.824657 0.890773 0.842140 0.873276 0.881734 0.784121 0.864250
11 0.369297 0.737786 0.466624 0.738853 0.465557 0.782075 0.368230 0.781009
10 0.678298 0.745972 0.767225 0.744761 0.768437 0.784253 0.679510 0.785464
15 0.343391 0.822534 0.428558 0.832217 0.418867 0.870040 0.333700 0.860356
14 0.673564 0.825656 0.749571 0.843526 0.731687 0.877280 0.655680 0.859410
3 0.214659 0.365390 0.279875 0.403576 0.241659 0.432538 0.176443 0.394352
13 0.177836 0.403239 0.246375 0.433335 0.216257 0.463773 0.147717 0.433677
2 0.766800 0.472944 0.861425 0.472944 0.861425 0.514966 0.766800 0.514966
12 0.763936 0.513123 0.864289 0.513123 0.864289 0.557689 0.763936 0.557689
5 0.393748 0.339513 0.482590 0.339513 0.482590 0.378967 0.393748 0.378967
4 0.650086 0.351875 0.741416 0.364043 0.729238 0.404602 0.637909 0.392434
1 0.440412 0.386719 0.674455 0.386719 0.674455 0.490656 0.440412 0.490656
