9 0.117107 0.795267 0.217119 0.797624 0.214760 0.842039 0.114748 0.839682
8 0.741743 0.838324 0.820672 0.871011 0.787959 0.906063 0.709031 0.873376
11 0.296408 0.720026 0.379262 0.731953 0.367327 0.768747 0.284472 0.756821
10 0.587553 0.751153 0.676480 0.749942 0.677692 0.789434 0.588765 0.790645
15 0.292131 0.818584 0.378359 0.814971 0.381975 0.853265 0.295746 0.856877
14 0.600365 0.826399 0.680963 0.826927 0.680436 0.862720 0.599837 0.862192
3 0.252203 0.413489 0.335200 0.430482 0.318194 0.467340 0.235197 0.450348
13 0.239619 0.450304 0.318941 0.464383 0.304852 0.499610 0.225528 0.485530
2 0.787237 0.414001 0.881394 0.407743 0.887657 0.449557 0.793500 0.455815
12 0.789227 0.456299 0.889027 0.449294 0.896038 0.493615 0.796237 0.500620
5 0.378192 0.339513 0.467034 0.339513 0.467034 0.378967 0.378192 0.378967
4 0.606010 0.331150 0.697340 0.343318 0.685162 0.383877 0.593833 0.371709
1 0.397332 0.398289 0.630716 0.409984 0.619011 0.513628 0.385628 0.501933
