4 0.611600 0.359905 0.694100 0.359905 0.694100 0.396572 0.611600 0.396572
5 0.324035 0.363359 0.406535 0.363359 0.406535 0.400026 0.324035 0.400026
6 0.512656 0.271312 0.583399 0.243015 0.611696 0.274456 0.540953 0.302754
7 0.416285 0.243035 0.493416 0.271907 0.464544 0.306187 0.387413 0.277316
14 0.647947 0.891488 0.730447 0.891488 0.730447 0.928154 0.647947 0.928154
15 0.313672 0.889760 0.396172 0.889760 0.396172 0.926427 0.313672 0.926427
10 0.639784 0.847367 0.722284 0.847367 0.722284 0.884033 0.639784 0.884033
11 0.308883 0.845535 0.391383 0.845535 0.391383 0.882202 0.308883 0.882202
9 0.160823 0.679421 0.243323 0.679421 0.243323 0.716088 0.160823 0.716088
8 0.765713 0.668586 0.847118 0.659655 0.856049 0.695835 0.774644 0.704766
2 0.751372 0.410929 0.833508 0.405762 0.838675 0.442266 0.756539 0.447433
12 0.761588 0.449307 0.843615 0.443425 0.849497 0.479881 0.767471 0.485764
3 0.153133 0.396989 0.233195 0.410260 0.219924 0.445843 0.139862 0.432572
13 0.143967 0.430685 0.224740 0.441879 0.213546 0.477778 0.132773 0.466584
1 0.387953 0.386586 0.637953 0.386586 0.637953 0.497697 0.387953 0.497697
16 0.618439 0.398225 0.700939 0.398225 0.700939 0.434892 0.618439 0.434892
