4 0.580820 0.367630 0.689324 0.368256 0.688697 0.416480 0.580193 0.415854
5 0.292981 0.362820 0.401221 0.362820 0.401221 0.410927 0.292981 0.410927
1 0.314221 0.389134 0.664198 0.388098 0.665235 0.543643 0.315258 0.544679
10 0.637663 0.861236 0.720163 0.861236 0.720163 0.897902 0.637663 0.897902
11 0.280150 0.866312 0.362650 0.866312 0.362650 0.902979 0.280150 0.902979
14 0.637428 0.899601 0.719928 0.899601 0.719928 0.936268 0.637428 0.936268
15 0.280229 0.901380 0.362729 0.901380 0.362729 0.938047 0.280229 0.938047
9 0.125104 0.842400 0.205969 0.831505 0.216865 0.867445 0.136000 0.878340
8 0.799856 0.812649 0.877241 0.831715 0.858175 0.866108 0.780790 0.847042
2 0.777917 0.431407 0.858750 0.420405 0.869751 0.456331 0.788919 0.467332
12 0.795092 0.476290 0.874892 0.462336 0.888846 0.497803 0.809046 0.511757
3 0.129317 0.407675 0.210819 0.416205 0.202289 0.452428 0.120787 0.443898
13 0.122031 0.447301 0.204192 0.452280 0.199213 0.488796 0.117051 0.483817
16 0.583553 0.413146 0.681058 0.413146 0.681058 0.456481 0.583553 0.456481
