4 0.625180 0.238893 0.733300 0.245006 0.727193 0.293059 0.619072 0.286946
5 0.287802 0.233286 0.396042 0.233286 0.396042 0.281393 0.287802 0.281393
1 0.334835 0.261260 0.684812 0.260224 0.685849 0.415769 0.335872 0.416805
10 0.650450 0.738143 0.732950 0.738143 0.732950 0.774810 0.650450 0.774810
11 0.267044 0.726054 0.349544 0.726054 0.349544 0.762720 0.267044 0.762720
9 0.081087 0.790586 0.161952 0.779691 0.172848 0.815631 0.091983 0.826526
8 0.836361 0.795765 0.918834 0.794518 0.920061 0.831178 0.837588 0.832425
2 0.853005 0.334688 0.933837 0.323687 0.944839 0.359612 0.864007 0.370614
12 0.865001 0.374390 0.944801 0.360436 0.958756 0.395903 0.878955 0.409857
3 0.064587 0.300594 0.146088 0.309124 0.137558 0.345347 0.056056 0.336817
13 0.059807 0.338301 0.141150 0.347481 0.131975 0.383633 0.050631 0.374453
7 0.542559 0.115547 0.620910 0.098315 0.638132 0.133157 0.559781 0.150389
16 0.619148 0.287088 0.719588 0.292255 0.714424 0.336919 0.613984 0.331753
