4 0.588592 0.355541 0.697096 0.356167 0.696469 0.404391 0.587965 0.403765
5 0.290391 0.355912 0.398631 0.355912 0.398631 0.404019 0.290391 0.404019
1 0.301166 0.371795 0.651143 0.370759 0.652180 0.526304 0.302203 0.527340
10 0.632325 0.786503 0.714825 0.786503 0.714825 0.823169 0.632325 0.823169
11 0.274812 0.795138 0.357312 0.795138 0.357312 0.831805 0.274812 0.831805
14 0.640097 0.871131 0.722597 0.871131 0.722597 0.907798 0.640097 0.907798
15 0.272222 0.871131 0.354722 0.871131 0.354722 0.907798 0.272222 0.907798
9 0.122514 0.821674 0.203379 0.810779 0.214274 0.846719 0.133409 0.857615
8 0.794675 0.766017 0.872059 0.785082 0.852994 0.819476 0.775609 0.800410
2 0.772736 0.431407 0.853568 0.420405 0.864570 0.456331 0.783737 0.467332
12 0.787320 0.472836 0.867120 0.458882 0.881074 0.494349 0.801274 0.508303
3 0.129317 0.407675 0.210819 0.416205 0.202289 0.452428 0.120787 0.443898
13 0.122031 0.447301 0.204192 0.452280 0.199213 0.488796 0.117051 0.483817
