4 0.604140 0.236370 0.712644 0.236996 0.712017 0.285220 0.603513 0.284594
5 0.274843 0.236741 0.383083 0.236741 0.383083 0.284848 0.274843 0.284848
1 0.329670 0.268168 0.679647 0.267132 0.680684 0.422677 0.330707 0.423713
10 0.627142 0.707056 0.709642 0.707056 0.709642 0.743722 0.627142 0.743722
11 0.267038 0.701874 0.349538 0.701874 0.349538 0.738541 0.267038 0.738541
9 0.127697 0.745681 0.208562 0.734786 0.219457 0.770726 0.138592 0.781622
8 0.773945 0.715931 0.851329 0.734996 0.832264 0.769390 0.754879 0.750324
2 0.798649 0.263877 0.879481 0.252875 0.890483 0.288801 0.809650 0.299802
12 0.818416 0.307033 0.898216 0.293079 0.912170 0.328546 0.832370 0.342500
3 0.115944 0.244969 0.191344 0.267287 0.169018 0.300799 0.093619 0.278481
13 0.095102 0.277833 0.170592 0.300014 0.148403 0.333566 0.072912 0.311385
7 0.417357 0.122924 0.481310 0.145723 0.458505 0.174140 0.394551 0.151341
