4 0.603469 0.389256 0.685969 0.389256 0.685969 0.425943 0.603469 0.425943
5 0.300529 0.390983 0.383029 0.390983 0.383029 0.427670 0.300529 0.427670
9 0.139996 0.831397 0.222496 0.831397 0.222496 0.868084 0.139996 0.868084
8 0.787651 0.812996 0.868846 0.822745 0.859102 0.858852 0.777907 0.849103
14 0.634384 0.894200 0.716884 0.894200 0.716884 0.930887 0.634384 0.930887
15 0.282483 0.901213 0.364983 0.901213 0.364983 0.937900 0.282483 0.937900
10 0.631872 0.855469 0.714372 0.855469 0.714372 0.892156 0.631872 0.892156
11 0.282404 0.859028 0.364904 0.859028 0.364904 0.895715 0.282404 0.895715
2 0.749598 0.439165 0.831972 0.436122 0.835013 0.472753 0.752639 0.475795
12 0.761413 0.477339 0.843913 0.477339 0.843913 0.514026 0.761413 0.514026
3 0.163300 0.441069 0.245800 0.441069 0.245800 0.477756 0.163300 0.477756
13 0.160136 0.482840 0.248963 0.482840 0.248963 0.522341 0.160136 0.522341
1 0.356598 0.426279 0.606598 0.426279 0.606598 0.537452 0.356598 0.537452
16 0.610608 0.428087 0.693108 0.428087 0.693108 0.464774 0.610608 0.464774
