4 0.613826 0.270085 0.696326 0.270085 0.696326 0.306772 0.613826 0.306772
5 0.300529 0.268358 0.383029 0.268358 0.383029 0.305045 0.300529 0.305045
9 0.132502 0.799136 0.236563 0.774623 0.261061 0.820898 0.157000 0.845410
8 0.824718 0.795501 0.917041 0.807658 0.904890 0.848713 0.812567 0.836556
10 0.655254 0.777856 0.737754 0.777856 0.737754 0.814543 0.655254 0.814543
11 0.287582 0.779584 0.370082 0.779584 0.370082 0.816271 0.287582 0.816271
2 0.801871 0.289096 0.880916 0.273337 0.896666 0.308487 0.817621 0.324245
12 0.821674 0.334539 0.898845 0.315082 0.918292 0.349399 0.841121 0.368857
3 0.116155 0.277075 0.193312 0.296558 0.173840 0.330869 0.096683 0.311386
13 0.096405 0.312733 0.179048 0.334453 0.157340 0.371205 0.074697 0.349484
1 0.379901 0.298472 0.629901 0.298472 0.629901 0.409645 0.379901 0.409645
6 0.541276 0.190243 0.613638 0.143726 0.660129 0.175905 0.587767 0.222422
