4 0.600878 0.366803 0.683378 0.366803 0.683378 0.403490 0.600878 0.403490
5 0.300529 0.366803 0.383029 0.366803 0.383029 0.403490 0.300529 0.403490
9 0.147175 0.815076 0.226785 0.800645 0.241224 0.836046 0.161614 0.850477
8 0.728036 0.616483 0.780069 0.659165 0.737370 0.682308 0.685337 0.639626
14 0.629356 0.829670 0.711856 0.829670 0.711856 0.866357 0.629356 0.866357
15 0.284996 0.833124 0.367496 0.833124 0.367496 0.869811 0.284996 0.869811
10 0.618996 0.774402 0.701496 0.774402 0.701496 0.811089 0.618996 0.811089
11 0.279813 0.769221 0.362313 0.769221 0.362313 0.805908 0.279813 0.805908
2 0.744223 0.406436 0.821957 0.388012 0.840388 0.422580 0.762654 0.441003
12 0.764340 0.454636 0.843127 0.436062 0.861711 0.471098 0.782924 0.489672
3 0.160709 0.427252 0.243209 0.427252 0.243209 0.463939 0.160709 0.463939
13 0.157545 0.467296 0.246372 0.467296 0.246372 0.506797 0.157545 0.506797
1 0.372142 0.379647 0.622142 0.379647 0.622142 0.490820 0.372142 0.490820
6 0.494490 0.301567 0.561647 0.269622 0.593593 0.299469 0.526436 0.331415
7 0.387671 0.275144 0.461159 0.300140 0.436163 0.332801 0.362675 0.307805
