4 0.613824 0.275266 0.696324 0.275266 0.696324 0.311953 0.613824 0.311953
5 0.279815 0.273539 0.362315 0.273539 0.362315 0.310226 0.279815 0.310226
9 0.138634 0.796473 0.241470 0.777832 0.260122 0.823561 0.157286 0.842202
8 0.821040 0.794198 0.923778 0.804302 0.913647 0.850016 0.810909 0.839912
10 0.673370 0.769221 0.755870 0.769221 0.755870 0.805908 0.673370 0.805908
11 0.300527 0.769221 0.383027 0.769221 0.383027 0.805908 0.300527 0.805908
2 0.808954 0.297628 0.886688 0.279204 0.905119 0.313772 0.827385 0.332195
12 0.829071 0.337192 0.907858 0.318618 0.926442 0.353654 0.847655 0.372228
3 0.120638 0.267579 0.196362 0.289421 0.174532 0.323094 0.098808 0.301252
13 0.097279 0.302619 0.177170 0.328520 0.151284 0.364047 0.071393 0.338146
1 0.374731 0.303654 0.624731 0.303654 0.624731 0.414827 0.374731 0.414827
6 0.533683 0.187734 0.610887 0.151010 0.647612 0.185322 0.570408 0.222048
16 0.613096 0.308597 0.695596 0.308597 0.695596 0.345284 0.613096 0.345284
