4 0.606418 0.344361 0.688918 0.344361 0.688918 0.381028 0.606418 0.381028
5 0.321444 0.349542 0.403944 0.349542 0.403944 0.386209 0.321444 0.386209
10 0.661527 0.831613 0.744027 0.831613 0.744027 0.868280 0.661527 0.868280
11 0.313907 0.834911 0.396407 0.834911 0.396407 0.871577 0.313907 0.871577
15 0.313829 0.876887 0.396329 0.876887 0.396329 0.913554 0.313829 0.913554
14 0.668595 0.875474 0.751095 0.875474 0.751095 0.912140 0.668595 0.912140
3 0.149730 0.366914 0.226907 0.386350 0.207470 0.420651 0.130293 0.401214
13 0.129185 0.403097 0.206230 0.422764 0.186564 0.457006 0.109519 0.437340
2 0.760185 0.385880 0.842516 0.382364 0.846032 0.418956 0.763701 0.422472
12 0.767270 0.429878 0.849418 0.424804 0.854492 0.461314 0.772344 0.466388
1 0.372409 0.393495 0.622409 0.393495 0.622409 0.504606 0.372409 0.504606
8 0.782838 0.639096 0.863428 0.627331 0.875193 0.663149 0.794603 0.674914
9 0.127741 0.578584 0.185034 0.548028 0.219409 0.578584 0.162117 0.609140
16 0.610971 0.379969 0.693471 0.379969 0.693471 0.416636 0.610971 0.416636
