4 0.619371 0.214827 0.701871 0.214827 0.701871 0.251494 0.619371 0.251494
5 0.277403 0.213100 0.359903 0.213100 0.359903 0.249767 0.277403 0.249767
8 0.831807 0.767505 0.914307 0.767505 0.914307 0.804171 0.831807 0.804171
9 0.064968 0.786502 0.147468 0.786502 0.147468 0.823169 0.064968 0.823169
11 0.283367 0.708257 0.365867 0.708257 0.365867 0.744923 0.283367 0.744923
10 0.629264 0.706426 0.711764 0.706426 0.711764 0.743092 0.629264 0.743092
7 0.381022 0.103078 0.455648 0.136639 0.422087 0.169807 0.347460 0.136245
6 0.530696 0.133888 0.606518 0.094936 0.645470 0.128635 0.569648 0.167587
3 0.123780 0.244559 0.216403 0.263498 0.197464 0.304663 0.104842 0.285725
13 0.107870 0.294058 0.201813 0.313585 0.182285 0.355338 0.088342 0.335810
2 0.775481 0.276593 0.871573 0.250856 0.897310 0.293564 0.801218 0.319301
12 0.804567 0.321586 0.896062 0.297611 0.920038 0.338275 0.828543 0.362251
1 0.364637 0.269142 0.614637 0.269142 0.614637 0.380253 0.364637 0.380253
