4 0.637506 0.359905 0.720006 0.359905 0.720006 0.396572 0.637506 0.396572
5 0.326626 0.354723 0.409126 0.354723 0.409126 0.391390 0.326626 0.391390
8 0.765109 0.776610 0.844850 0.790714 0.830746 0.826154 0.751005 0.812050
9 0.164104 0.814541 0.245087 0.804043 0.255586 0.840035 0.174602 0.850533
11 0.298128 0.748506 0.380628 0.748506 0.380628 0.785172 0.298128 0.785172
10 0.624553 0.745052 0.707053 0.745052 0.707053 0.781718 0.624553 0.781718
7 0.419882 0.239520 0.494508 0.273081 0.460947 0.306249 0.386320 0.272687
3 0.149721 0.401635 0.246011 0.408765 0.238880 0.451560 0.142592 0.444430
13 0.142279 0.447441 0.240451 0.451932 0.235959 0.495565 0.137787 0.491073
2 0.755081 0.415139 0.857773 0.406232 0.866680 0.451873 0.763988 0.460780
12 0.767286 0.455502 0.865345 0.450829 0.870019 0.494410 0.771960 0.499085
1 0.403497 0.383132 0.653497 0.383132 0.653497 0.494243 0.403497 0.494243
15 0.298128 0.826226 0.380628 0.826226 0.380628 0.862893 0.298128 0.862893
14 0.632325 0.826226 0.714825 0.826226 0.714825 0.862893 0.632325 0.862893
