4 0.580511 0.359905 0.663011 0.359905 0.663011 0.396572 0.580511 0.396572
5 0.285175 0.361631 0.367675 0.361631 0.367675 0.398298 0.285175 0.398298
8 0.741208 0.590439 0.786588 0.636370 0.740658 0.656539 0.695277 0.610608
9 0.092906 0.807402 0.174742 0.800440 0.181706 0.836811 0.099869 0.843773
10 0.598568 0.824601 0.681068 0.824601 0.681068 0.861267 0.598568 0.861267
7 0.354459 0.241691 0.412639 0.267856 0.386474 0.293715 0.328293 0.267549
3 0.093375 0.388907 0.188455 0.401306 0.176055 0.443563 0.080977 0.431164
13 0.081696 0.428851 0.179488 0.436149 0.172190 0.479613 0.074397 0.472314
2 0.746098 0.406133 0.834240 0.369891 0.870481 0.409065 0.782340 0.445307
12 0.788096 0.446220 0.871389 0.411406 0.906203 0.448424 0.822912 0.483240
1 0.346502 0.381405 0.596502 0.381405 0.596502 0.492516 0.346502 0.492516
14 0.601002 0.865320 0.683502 0.865320 0.683502 0.901987 0.601002 0.901987
15 0.254400 0.867047 0.336900 0.867047 0.336900 0.903714 0.254400 0.903714
11 0.252344 0.828642 0.334844 0.828642 0.334844 0.865308 0.252344 0.865308
16 0.581098 0.396565 0.663598 0.396565 0.663598 0.433232 0.581098 0.433232
