4 0.580511 0.359905 0.663011 0.359905 0.663011 0.396572 0.580511 0.396572
5 0.285175 0.361631 0.367675 0.361631 0.367675 0.398298 0.285175 0.398298
8 0.741208 0.590439 0.786588 0.636370 0.740658 0.656539 0.695277 0.610608
9 0.092906 0.807402 0.174742 0.800440 0.181706 0.836811 0.099869 0.843773
11 0.254087 0.758869 0.336587 0.758869 0.336587 0.795535 0.254087 0.795535
10 0.601237 0.762323 0.683737 0.762323 0.683737 0.798989 0.601237 0.798989
7 0.354459 0.241691 0.412639 0.267856 0.386474 0.293715 0.328293 0.267549
3 0.093375 0.388907 0.188455 0.401306 0.176055 0.443563 0.080977 0.431164
13 0.081696 0.428851 0.179488 0.436149 0.172190 0.479613 0.074397 0.472314
2 0.746098 0.406133 0.834240 0.369891 0.870481 0.409065 0.782340 0.445307
12 0.788096 0.446220 0.871389 0.411406 0.906203 0.448424 0.822912 0.483240
1 0.346502 0.381405 0.596502 0.381405 0.596502 0.492516 0.346502 0.492516
14 0.609009 0.827953 0.691509 0.827953 0.691509 0.864620 0.609009 0.864620
15 0.243724 0.829680 0.326224 0.829680 0.326224 0.866347 0.243724 0.866347
