4 0.583102 0.365086 0.665602 0.365086 0.665602 0.401753 0.583102 0.401753
5 0.342170 0.363358 0.424670 0.363358 0.424670 0.400025 0.342170 0.400025
8 0.685938 0.819524 0.763270 0.838680 0.744114 0.873050 0.666781 0.853894
9 0.161210 0.820012 0.243407 0.815303 0.248118 0.851835 0.165920 0.856543
11 0.320152 0.811922 0.399930 0.825931 0.385921 0.861388 0.306142 0.847379
10 0.614190 0.784775 0.696690 0.784775 0.696690 0.821441 0.614190 0.821441
3 0.182731 0.409108 0.279236 0.414803 0.273540 0.457694 0.177037 0.451998
13 0.181430 0.455458 0.279478 0.461033 0.273902 0.504610 0.175853 0.499034
2 0.731687 0.403440 0.835141 0.400321 0.838260 0.446299 0.734807 0.449420
12 0.740410 0.446803 0.838703 0.445606 0.839900 0.489292 0.741608 0.490491
1 0.362046 0.405585 0.612046 0.405585 0.612046 0.516696 0.362046 0.516696
7 0.398341 0.261289 0.466674 0.292106 0.435857 0.322476 0.367524 0.291659
6 0.497431 0.287307 0.559934 0.251408 0.595833 0.279187 0.533330 0.315086
15 0.305900 0.874585 0.388400 0.874585 0.388400 0.911252 0.305900 0.911252
