4 0.577921 0.389266 0.660421 0.389266 0.660421 0.425933 0.577921 0.425933
5 0.331807 0.389265 0.414307 0.389265 0.414307 0.425932 0.331807 0.425932
11 0.315949 0.843599 0.398449 0.843599 0.398449 0.880265 0.315949 0.880265
10 0.580328 0.778589 0.657192 0.758610 0.677171 0.792771 0.600307 0.812750
3 0.167805 0.394807 0.260537 0.413509 0.241834 0.454723 0.149104 0.436021
13 0.154618 0.423589 0.260362 0.444786 0.239164 0.491783 0.133420 0.470585
2 0.720474 0.390161 0.813094 0.359276 0.843978 0.400439 0.751360 0.431325
12 0.749544 0.424160 0.836649 0.393774 0.867035 0.432488 0.779932 0.462875
1 0.390543 0.402131 0.640543 0.402131 0.640543 0.513242 0.390543 0.513242
7 0.380174 0.287991 0.403209 0.340804 0.350397 0.351041 0.327362 0.298229
6 0.551562 0.336372 0.577595 0.284182 0.629786 0.295752 0.603751 0.347942
15 0.316106 0.880864 0.398606 0.880864 0.398606 0.917531 0.316106 0.917531
16 0.576119 0.419800 0.658619 0.419800 0.658619 0.456466 0.576119 0.456466
