4 0.577921 0.389266 0.660421 0.389266 0.660421 0.425933 0.577921 0.425933
5 0.331807 0.389265 0.414307 0.389265 0.414307 0.425932 0.331807 0.425932
11 0.326625 0.781321 0.409125 0.781321 0.409125 0.817987 0.326625 0.817987
10 0.614190 0.772685 0.696690 0.772685 0.696690 0.809351 0.614190 0.809351
3 0.162467 0.398366 0.255199 0.417068 0.236496 0.458282 0.143766 0.439580
13 0.154618 0.423589 0.260362 0.444786 0.239164 0.491783 0.133420 0.470585
2 0.725812 0.397278 0.818432 0.366393 0.849316 0.407556 0.756698 0.438442
12 0.749544 0.424160 0.836649 0.393774 0.867035 0.432488 0.779932 0.462875
1 0.390543 0.402131 0.640543 0.402131 0.640543 0.513242 0.390543 0.513242
7 0.380174 0.287991 0.403209 0.340804 0.350397 0.351041 0.327362 0.298229
6 0.551562 0.336372 0.577595 0.284182 0.629786 0.295752 0.603751 0.347942
15 0.321444 0.843497 0.403944 0.843497 0.403944 0.880164 0.321444 0.880164
