4 0.596046 0.396174 0.678546 0.396174 0.678546 0.432841 0.596046 0.432841
5 0.313682 0.392719 0.396182 0.392719 0.396182 0.429386 0.313682 0.429386
11 0.288256 0.866052 0.370756 0.866052 0.370756 0.902718 0.288256 0.902718
10 0.629177 0.862387 0.711677 0.862387 0.711677 0.899053 0.629177 0.899053
3 0.158262 0.458429 0.254964 0.462318 0.251058 0.505300 0.154358 0.501411
13 0.152349 0.501290 0.262460 0.506764 0.256968 0.555705 0.146858 0.550231
2 0.738747 0.443956 0.842061 0.439306 0.846738 0.485230 0.743426 0.489882
12 0.746378 0.490257 0.844379 0.485174 0.849488 0.528739 0.751488 0.533825
1 0.372418 0.450490 0.622418 0.450490 0.622418 0.561601 0.372418 0.561601
15 0.285743 0.899705 0.368243 0.899705 0.368243 0.936372 0.285743 0.936372
14 0.631481 0.899643 0.713981 0.899643 0.713981 0.936330 0.631481 0.936330
9 0.131996 0.825961 0.213976 0.819794 0.220140 0.856250 0.138160 0.862417
8 0.779537 0.812399 0.862037 0.812399 0.862037 0.849086 0.779537 0.849086
16 0.598168 0.433066 0.680668 0.433066 0.680668 0.469753 0.598168 0.469753
