4 0.616760 0.277003 0.699260 0.277003 0.699260 0.313670 0.616760 0.313670
5 0.300736 0.275275 0.383236 0.275275 0.383236 0.311942 0.300736 0.311942
11 0.282608 0.769231 0.365108 0.769231 0.365108 0.805897 0.282608 0.805897
10 0.673742 0.781321 0.756242 0.781321 0.756242 0.817987 0.673742 0.817987
3 0.117311 0.282951 0.205224 0.310102 0.178082 0.349172 0.090172 0.322021
13 0.087660 0.324125 0.189529 0.352537 0.161124 0.397810 0.059255 0.369397
2 0.796189 0.319213 0.891027 0.291485 0.918758 0.333635 0.823922 0.361364
12 0.825717 0.359300 0.917421 0.335690 0.941038 0.376450 0.849336 0.400061
1 0.377597 0.319229 0.627597 0.319229 0.627597 0.430340 0.377597 0.430340
9 0.155928 0.808739 0.232190 0.787746 0.253171 0.821659 0.176909 0.842651
8 0.826444 0.809794 0.908548 0.815181 0.903164 0.851692 0.821060 0.846305
6 0.530066 0.187046 0.612814 0.138851 0.660982 0.175648 0.578234 0.223843
16 0.613096 0.315235 0.695596 0.315235 0.695596 0.351922 0.613096 0.351922
