4 0.585672 0.346088 0.668172 0.346088 0.668172 0.382755 0.585672 0.382755
5 0.337005 0.347814 0.419505 0.347814 0.419505 0.384481 0.337005 0.384481
11 0.306002 0.814028 0.388502 0.814028 0.388502 0.850694 0.306002 0.850694
10 0.616434 0.815756 0.698934 0.815756 0.698934 0.852422 0.616434 0.852422
3 0.160898 0.401408 0.257605 0.405355 0.253666 0.448331 0.156961 0.444384
13 0.161152 0.454877 0.251647 0.458274 0.248254 0.498492 0.157758 0.495093
2 0.727837 0.406098 0.831110 0.400986 0.836225 0.446885 0.732953 0.451999
12 0.733419 0.455450 0.831494 0.450973 0.835976 0.494566 0.737902 0.499044
1 0.382778 0.371042 0.632778 0.371042 0.632778 0.482153 0.382778 0.482153
9 0.191799 0.806672 0.273874 0.801050 0.279476 0.837543 0.197401 0.843164
8 0.746978 0.793458 0.827815 0.804446 0.816827 0.840394 0.735990 0.829406
15 0.305900 0.851137 0.388400 0.851137 0.388400 0.887804 0.305900 0.887804
14 0.619215 0.853021 0.701715 0.853021 0.701715 0.889688 0.619215 0.889688
16 0.586077 0.378310 0.668577 0.378310 0.668577 0.414976 0.586077 0.414976
