4 0.619351 0.164741 0.701851 0.164741 0.701851 0.201408 0.619351 0.201408
5 0.305917 0.166467 0.388417 0.166467 0.388417 0.203134 0.305917 0.203134
11 0.264473 0.663877 0.346973 0.663877 0.346973 0.700543 0.264473 0.700543
10 0.650426 0.662150 0.732926 0.662150 0.732926 0.698816 0.650426 0.698816
3 0.119719 0.183524 0.211635 0.203950 0.191219 0.244798 0.099304 0.224373
13 0.100453 0.223953 0.187000 0.241901 0.169057 0.280366 0.082509 0.262415
2 0.788715 0.207631 0.884590 0.181535 0.910688 0.224146 0.814815 0.250243
12 0.820056 0.252082 0.910223 0.225974 0.936338 0.266051 0.846172 0.292160
1 0.379413 0.174933 0.629402 0.173373 0.630962 0.284479 0.380973 0.286039
9 0.164775 0.636579 0.243571 0.620267 0.259868 0.655305 0.181072 0.671616
8 0.785838 0.631109 0.866675 0.642097 0.855687 0.678045 0.774850 0.667057
