5 0.329225 0.346087 0.411725 0.346087 0.411725 0.382754 0.329225 0.382754
11 0.295547 0.717418 0.378047 0.717418 0.378047 0.754084 0.295547 0.754084
10 0.617281 0.715362 0.693491 0.715362 0.693491 0.749233 0.617281 0.749233
3 0.174864 0.311229 0.255135 0.347397 0.218966 0.383069 0.138697 0.346902
13 0.133424 0.349507 0.207320 0.384495 0.172325 0.417334 0.098430 0.382344
2 0.723903 0.362190 0.797139 0.313380 0.845958 0.345926 0.772724 0.394735
12 0.776037 0.392207 0.846730 0.346668 0.892285 0.378085 0.821594 0.423624
1 0.377593 0.365860 0.627593 0.365860 0.627593 0.476971 0.377593 0.476971
16 0.577921 0.422081 0.660421 0.422081 0.660421 0.458748 0.577921 0.458748
4 0.577921 0.347815 0.660421 0.347815 0.660421 0.384482 0.577921 0.384482
