5 0.287775 0.320180 0.370275 0.320180 0.370275 0.356847 0.287775 0.356847
11 0.267049 0.770958 0.349549 0.770958 0.349549 0.807624 0.267049 0.807624
10 0.629680 0.770959 0.712180 0.770959 0.712180 0.807625 0.629680 0.807625
3 0.112688 0.278414 0.192959 0.314582 0.156790 0.350254 0.076520 0.314087
13 0.079020 0.314965 0.152916 0.349952 0.117920 0.382792 0.044026 0.347801
2 0.786079 0.329374 0.859315 0.280565 0.908134 0.313111 0.834900 0.361920
12 0.840804 0.357664 0.911497 0.312126 0.957052 0.343543 0.886360 0.389082
1 0.372411 0.334772 0.622411 0.334772 0.622411 0.445883 0.372411 0.445883
16 0.606418 0.404810 0.688918 0.404810 0.688918 0.441477 0.606418 0.441477
4 0.606418 0.318454 0.688918 0.318454 0.688918 0.355121 0.606418 0.355121
