4 0.580488 0.370268 0.662988 0.370268 0.662988 0.406935 0.580488 0.406935
5 0.324044 0.366812 0.406544 0.366812 0.406544 0.403479 0.324044 0.403479
11 0.288094 0.823032 0.370594 0.823032 0.370594 0.859698 0.288094 0.859698
10 0.574796 0.824813 0.657296 0.824813 0.657296 0.861479 0.574796 0.861479
3 0.160397 0.387484 0.254360 0.403226 0.238615 0.444984 0.144653 0.429242
13 0.142296 0.435912 0.230145 0.450781 0.215267 0.489824 0.127418 0.474952
2 0.727521 0.405397 0.829182 0.392250 0.842340 0.437433 0.740681 0.450581
12 0.748284 0.455036 0.844539 0.441729 0.857862 0.484513 0.761608 0.497821
1 0.375002 0.391767 0.625002 0.391767 0.625002 0.502878 0.375002 0.502878
14 0.571927 0.876260 0.654427 0.876260 0.654427 0.912927 0.571927 0.912927
15 0.295236 0.873136 0.377736 0.873136 0.377736 0.909782 0.295236 0.909782
16 0.592645 0.456372 0.674508 0.463191 0.667686 0.499554 0.585823 0.492736
