4 0.580488 0.370268 0.662988 0.370268 0.662988 0.406935 0.580488 0.406935
5 0.324044 0.366812 0.406544 0.366812 0.406544 0.403479 0.324044 0.403479
11 0.277412 0.814136 0.359912 0.814136 0.359912 0.850802 0.277412 0.850802
10 0.590820 0.814137 0.673320 0.814137 0.673320 0.850803 0.590820 0.850803
3 0.160397 0.387484 0.254360 0.403226 0.238615 0.444984 0.144653 0.429242
13 0.142296 0.435912 0.230145 0.450781 0.215267 0.489824 0.127418 0.474952
2 0.727521 0.405397 0.829182 0.392250 0.842340 0.437433 0.740681 0.450581
12 0.748284 0.455036 0.844539 0.441729 0.857862 0.484513 0.761608 0.497821
1 0.375002 0.391767 0.625002 0.391767 0.625002 0.502878 0.375002 0.502878
15 0.285163 0.876312 0.367663 0.876312 0.367663 0.912979 0.285163 0.912979
14 0.598632 0.878040 0.681132 0.878040 0.681132 0.914707 0.598632 0.914707
