4 0.619725 0.251107 0.702225 0.251107 0.702225 0.287753 0.619725 0.287753
5 0.282790 0.252834 0.365290 0.252834 0.365290 0.289480 0.282790 0.289480
2 0.788802 0.262355 0.865658 0.242366 0.885646 0.276504 0.808789 0.296494
12 0.809485 0.303961 0.886197 0.283726 0.906428 0.317800 0.829716 0.338034
3 0.137399 0.248177 0.212295 0.271233 0.189234 0.304500 0.114337 0.281444
13 0.114778 0.285874 0.196292 0.306588 0.175567 0.342796 0.094053 0.322082
1 0.377870 0.270900 0.627870 0.270900 0.627870 0.381949 0.377870 0.381949
11 0.254236 0.701929 0.336731 0.701838 0.336806 0.738486 0.254310 0.738578
10 0.663413 0.701874 0.745913 0.701874 0.745913 0.738541 0.663413 0.738541
6 0.547898 0.178251 0.576737 0.126721 0.628268 0.139538 0.599428 0.191068
8 0.825524 0.710829 0.907912 0.713694 0.905046 0.750311 0.822658 0.747446
9 0.085305 0.709186 0.173762 0.709186 0.173762 0.748500 0.085305 0.748500
7 0.408815 0.125331 0.439143 0.177915 0.386559 0.191395 0.356230 0.138811
