4 0.572740 0.385812 0.655240 0.385812 0.655240 0.422478 0.572740 0.422478
5 0.339579 0.385812 0.422079 0.385812 0.422079 0.422478 0.339579 0.422478
11 0.324120 0.661236 0.404181 0.674511 0.390906 0.710094 0.310845 0.696819
10 0.612017 0.685025 0.683789 0.675132 0.693682 0.707030 0.621911 0.716923
15 0.309968 0.700145 0.389229 0.715405 0.373970 0.750632 0.294709 0.735372
14 0.617776 0.719075 0.698995 0.709421 0.708649 0.745519 0.627430 0.755173
9 0.168513 0.763237 0.248664 0.776270 0.235632 0.811892 0.155481 0.798860
8 0.730887 0.652545 0.812177 0.661930 0.802792 0.698059 0.721502 0.688674
2 0.713184 0.437931 0.794502 0.427482 0.804951 0.463623 0.723633 0.474072
12 0.721848 0.478346 0.803365 0.469880 0.811831 0.506110 0.730314 0.514576
3 0.204864 0.447988 0.287364 0.447988 0.287364 0.484655 0.204864 0.484655
13 0.205977 0.484917 0.288414 0.487080 0.286251 0.523718 0.203814 0.521555
6 0.574463 0.328200 0.594450 0.274315 0.648335 0.283199 0.628348 0.337084
7 0.366060 0.332142 0.337940 0.274484 0.395598 0.261986 0.423718 0.319644
1 0.375000 0.403857 0.625000 0.403857 0.625000 0.514968 0.375000 0.514968
16 0.573630 0.414821 0.656130 0.414821 0.656130 0.451487 0.573630 0.451487
