4 0.593441 0.361632 0.675941 0.361632 0.675941 0.398299 0.593441 0.398299
5 0.316272 0.365085 0.398772 0.365085 0.398772 0.401752 0.316272 0.401752
11 0.321767 0.819158 0.404267 0.819158 0.404267 0.855824 0.321767 0.855824
3 0.143337 0.400591 0.239187 0.410006 0.229768 0.452603 0.133919 0.443187
13 0.136791 0.448382 0.226953 0.454553 0.220772 0.494625 0.130610 0.488451
2 0.737884 0.401943 0.839545 0.388796 0.852703 0.433979 0.751044 0.447127
12 0.761237 0.446400 0.857492 0.433093 0.870815 0.475877 0.774561 0.489185
1 0.375002 0.386586 0.625002 0.386586 0.625002 0.497697 0.375002 0.497697
15 0.319233 0.849410 0.401733 0.849410 0.401733 0.886077 0.319233 0.886077
9 0.180120 0.827630 0.261458 0.818431 0.270657 0.854581 0.189319 0.863780
8 0.761527 0.752232 0.823784 0.788320 0.787696 0.815990 0.725439 0.779901
16 0.593545 0.393246 0.676045 0.393246 0.676045 0.429913 0.593545 0.429913
