4 0.541628 0.392720 0.624128 0.392720 0.624128 0.429387 0.541628 0.429387
5 0.300728 0.392719 0.383228 0.392719 0.383228 0.429386 0.300728 0.429386
11 0.280003 0.798749 0.362503 0.798749 0.362503 0.835415 0.280003 0.835415
3 0.140387 0.428858 0.237054 0.433190 0.232718 0.476150 0.136052 0.471817
13 0.136378 0.478681 0.227009 0.479313 0.226367 0.519594 0.135735 0.518959
2 0.676781 0.445402 0.780153 0.441294 0.784273 0.487238 0.680902 0.491348
12 0.681451 0.493856 0.779425 0.488499 0.784798 0.532048 0.686825 0.537406
1 0.349095 0.415947 0.599095 0.415947 0.599095 0.527058 0.349095 0.527058
15 0.277391 0.857314 0.359891 0.857314 0.359891 0.893981 0.277391 0.893981
9 0.158411 0.798117 0.238929 0.786132 0.250915 0.821918 0.170397 0.833903
8 0.776684 0.795120 0.859010 0.798689 0.855441 0.835278 0.773114 0.831708
14 0.650460 0.853860 0.732960 0.853860 0.732960 0.890527 0.650460 0.890527
10 0.644965 0.800528 0.727465 0.800528 0.727465 0.837195 0.644965 0.837195
