4 0.564944 0.399629 0.647444 0.399629 0.647444 0.436296 0.564944 0.436296
5 0.326635 0.399627 0.409135 0.399627 0.409135 0.436294 0.326635 0.436294
11 0.277177 0.835018 0.359677 0.835018 0.359677 0.871684 0.277177 0.871684
3 0.166653 0.412681 0.262503 0.422096 0.253084 0.464693 0.157235 0.455277
13 0.165288 0.462199 0.255450 0.468370 0.249269 0.508442 0.159107 0.502268
2 0.713439 0.415604 0.816879 0.412340 0.820153 0.458315 0.716715 0.461580
12 0.720739 0.465640 0.815340 0.462946 0.818049 0.504996 0.723448 0.507692
1 0.372411 0.422855 0.622411 0.422855 0.622411 0.533966 0.372411 0.533966
15 0.279981 0.890129 0.362481 0.890129 0.362481 0.926796 0.279981 0.926796
9 0.146441 0.813813 0.227779 0.804614 0.236978 0.840764 0.155640 0.849963
8 0.758492 0.827028 0.840957 0.825440 0.842545 0.862092 0.760079 0.863679
10 0.647869 0.833396 0.730369 0.833396 0.730369 0.870063 0.647869 0.870063
14 0.650460 0.888402 0.732960 0.888402 0.732960 0.925069 0.650460 0.925069
