4 0.541628 0.392720 0.624128 0.392720 0.624128 0.429387 0.541628 0.429387
5 0.300728 0.392719 0.383228 0.392719 0.383228 0.429386 0.300728 0.429386
11 0.290679 0.802308 0.373179 0.802308 0.373179 0.838974 0.290679 0.838974
3 0.140387 0.428858 0.237054 0.433190 0.232718 0.476150 0.136052 0.471817
13 0.136378 0.478681 0.227009 0.479313 0.226367 0.519594 0.135735 0.518959
2 0.676781 0.445402 0.780153 0.441294 0.784273 0.487238 0.680902 0.491348
12 0.681451 0.493856 0.779425 0.488499 0.784798 0.532048 0.686825 0.537406
1 0.349095 0.415947 0.599095 0.415947 0.599095 0.527058 0.349095 0.527058
15 0.288067 0.850197 0.370567 0.850197 0.370567 0.886864 0.288067 0.886864
9 0.158411 0.798117 0.238929 0.786132 0.250915 0.821918 0.170397 0.833903
8 0.776684 0.795120 0.859010 0.798689 0.855441 0.835278 0.773114 0.831708
14 0.653129 0.848522 0.735629 0.848522 0.735629 0.885189 0.653129 0.885189
10 0.650303 0.802308 0.732803 0.802308 0.732803 0.838975 0.650303 0.838975
