4 0.589124 0.453169 0.671624 0.453169 0.671624 0.489836 0.589124 0.489836
5 0.343906 0.456622 0.426406 0.456622 0.426406 0.493289 0.343906 0.493289
11 0.305910 0.898765 0.388410 0.898765 0.388410 0.935431 0.305910 0.935431
3 0.120643 0.537741 0.224779 0.545555 0.217920 0.591792 0.113784 0.583977
13 0.118307 0.593546 0.208141 0.603164 0.201260 0.643071 0.111426 0.633450
2 0.748107 0.528980 0.848201 0.507914 0.864070 0.552192 0.763977 0.573260
12 0.768726 0.577435 0.863986 0.558346 0.878870 0.600456 0.783611 0.619545
1 0.396591 0.472942 0.646591 0.472942 0.646591 0.584053 0.396591 0.584053
15 0.305457 0.933307 0.387957 0.933307 0.387957 0.969974 0.305457 0.969974
14 0.661488 0.929957 0.743521 0.929957 0.743521 0.966416 0.661488 0.966416
10 0.655641 0.893584 0.738141 0.893584 0.738141 0.930251 0.655641 0.930251
7 0.376131 0.296552 0.441816 0.355808 0.392436 0.390840 0.326750 0.331584
6 0.554966 0.349342 0.593110 0.276256 0.654015 0.296600 0.615871 0.369685
