4 0.550264 0.380630 0.632764 0.380630 0.632764 0.417297 0.550264 0.417297
5 0.312818 0.382356 0.395318 0.382356 0.395318 0.419023 0.312818 0.419023
11 0.287932 0.817378 0.370432 0.817378 0.370432 0.854044 0.287932 0.854044
3 0.159877 0.427357 0.264510 0.431229 0.261587 0.477651 0.156955 0.473778
13 0.158183 0.472146 0.248559 0.479152 0.244286 0.519221 0.153910 0.512211
2 0.708959 0.423334 0.813913 0.422407 0.809954 0.467855 0.705000 0.468784
12 0.708347 0.465774 0.807813 0.465109 0.804534 0.508317 0.705069 0.508982
1 0.344778 0.395222 0.594778 0.395222 0.594778 0.506333 0.344778 0.506333
15 0.284967 0.850980 0.367467 0.850980 0.367467 0.887647 0.284967 0.887647
8 0.768912 0.821027 0.851238 0.824596 0.847669 0.861185 0.765342 0.857615
14 0.632756 0.854800 0.714789 0.854800 0.714789 0.891259 0.632756 0.891259
10 0.627517 0.815067 0.713824 0.815067 0.713824 0.853426 0.627517 0.853426
7 0.405544 0.252450 0.462970 0.282503 0.440743 0.310589 0.383316 0.280536
6 0.489411 0.280636 0.583689 0.235494 0.615942 0.275496 0.521665 0.320637
9 0.162911 0.821143 0.244774 0.814321 0.251596 0.850705 0.169733 0.857527
