4 0.550264 0.380630 0.632764 0.380630 0.632764 0.417297 0.550264 0.417297
5 0.312818 0.382356 0.395318 0.382356 0.395318 0.419023 0.312818 0.419023
11 0.264381 0.801992 0.346881 0.801992 0.346881 0.838658 0.264381 0.838658
3 0.159877 0.427357 0.264510 0.431229 0.261587 0.477651 0.156955 0.473778
13 0.159520 0.470044 0.257966 0.477676 0.253312 0.521323 0.154865 0.513687
2 0.705664 0.392537 0.809861 0.384099 0.813249 0.429567 0.709052 0.438008
12 0.709836 0.437243 0.808353 0.428086 0.813408 0.471218 0.714891 0.480375
1 0.344778 0.395222 0.594778 0.395222 0.594778 0.506333 0.344778 0.506333
15 0.263928 0.840722 0.346428 0.840722 0.346428 0.877389 0.263928 0.877389
8 0.771503 0.788212 0.853829 0.791781 0.850260 0.828370 0.767933 0.824800
14 0.588479 0.839203 0.670512 0.839203 0.670512 0.875662 0.588479 0.875662
10 0.585458 0.800055 0.667958 0.800055 0.667958 0.836722 0.585458 0.836722
7 0.405544 0.252450 0.462970 0.282503 0.440743 0.310589 0.383316 0.280536
6 0.477511 0.277112 0.549144 0.234152 0.581210 0.265203 0.509578 0.308162
9 0.135924 0.804531 0.218371 0.806494 0.216408 0.843138 0.133960 0.841174
16 0.553715 0.409842 0.636215 0.409842 0.636215 0.446509 0.553715 0.446509
