4 0.583943 0.401356 0.666443 0.401356 0.666443 0.438023 0.583943 0.438023
5 0.341315 0.397900 0.423815 0.397900 0.423815 0.434567 0.341315 0.434567
11 0.290444 0.842920 0.372944 0.842920 0.372944 0.879586 0.290444 0.879586
3 0.196724 0.408243 0.297094 0.428325 0.277964 0.473003 0.177594 0.452920
13 0.187612 0.437514 0.273860 0.456832 0.257246 0.495444 0.171000 0.476123
2 0.711515 0.407877 0.811733 0.387075 0.827340 0.431395 0.727123 0.452199
12 0.729850 0.452889 0.825458 0.434590 0.839556 0.476820 0.743949 0.495119
1 0.388819 0.415947 0.638819 0.415947 0.638819 0.527058 0.388819 0.527058
15 0.287479 0.876835 0.369979 0.876835 0.369979 0.913502 0.287479 0.913502
10 0.600767 0.855636 0.683267 0.855636 0.683267 0.892303 0.600767 0.892303
7 0.399438 0.268684 0.443440 0.324296 0.395035 0.349623 0.351033 0.294011
6 0.566604 0.329182 0.597485 0.269135 0.647558 0.285672 0.616677 0.345718
