4 0.558035 0.387538 0.640535 0.387538 0.640535 0.424205 0.558035 0.424205
5 0.307637 0.387538 0.390137 0.387538 0.390137 0.424205 0.307637 0.424205
11 0.256687 0.824500 0.339187 0.824500 0.339187 0.861166 0.256687 0.861166
3 0.139468 0.417871 0.242386 0.431030 0.230184 0.476774 0.127265 0.463614
13 0.138760 0.464115 0.227560 0.477331 0.217078 0.516888 0.128279 0.503670
2 0.727047 0.402190 0.830000 0.388561 0.838498 0.433730 0.735546 0.447362
12 0.741851 0.450077 0.839157 0.436321 0.848750 0.479109 0.751445 0.492865
1 0.360322 0.403858 0.610322 0.403858 0.610322 0.514969 0.360322 0.514969
15 0.261729 0.875999 0.344229 0.875999 0.344229 0.912666 0.261729 0.912666
10 0.598302 0.829341 0.676023 0.829211 0.676153 0.863753 0.598432 0.863883
6 0.497383 0.282905 0.570829 0.257855 0.595880 0.290497 0.522434 0.315548
7 0.385425 0.258903 0.451031 0.292249 0.417685 0.321408 0.352077 0.288062
14 0.600924 0.882960 0.683424 0.882960 0.683424 0.919626 0.600924 0.919626
