4 0.622801 0.373721 0.705301 0.373721 0.705301 0.410388 0.622801 0.410388
5 0.328363 0.371994 0.410863 0.371994 0.410863 0.408661 0.328363 0.408661
11 0.316702 0.767081 0.399192 0.767929 0.398344 0.804592 0.315854 0.803744
3 0.136375 0.406706 0.231482 0.431733 0.207372 0.474122 0.112263 0.449092
13 0.121093 0.457419 0.212272 0.479268 0.193293 0.520131 0.102117 0.498280
2 0.770087 0.419410 0.872023 0.402725 0.883542 0.447597 0.781607 0.464284
12 0.787558 0.463785 0.883837 0.447124 0.896308 0.489582 0.800030 0.506241
1 0.388819 0.384858 0.638819 0.384858 0.638819 0.495969 0.388819 0.495969
10 0.626877 0.763450 0.704598 0.763320 0.704728 0.797862 0.627007 0.797992
14 0.645280 0.821045 0.727780 0.821045 0.727780 0.857711 0.645280 0.857711
9 0.148270 0.737931 0.224532 0.716949 0.245513 0.750844 0.169249 0.771824
8 0.782208 0.803157 0.863694 0.811752 0.855097 0.847968 0.773611 0.839373
15 0.311081 0.824499 0.393581 0.824499 0.393581 0.861166 0.311081 0.861166
