4 0.578760 0.399627 0.661260 0.399627 0.661260 0.436294 0.578760 0.436294
5 0.351679 0.396174 0.434179 0.396174 0.434179 0.432841 0.351679 0.432841
11 0.298138 0.807646 0.380638 0.807646 0.380638 0.844312 0.298138 0.844312
3 0.152367 0.407756 0.249001 0.430033 0.227648 0.473074 0.131012 0.450794
13 0.139246 0.442898 0.231331 0.465726 0.211409 0.507016 0.119326 0.484188
2 0.747582 0.412773 0.846618 0.389592 0.864595 0.433510 0.765560 0.456693
12 0.760409 0.450862 0.854658 0.429661 0.871643 0.471417 0.777395 0.492616
1 0.386229 0.421129 0.636229 0.421129 0.636229 0.532240 0.386229 0.532240
15 0.295359 0.865688 0.377856 0.866213 0.377330 0.902878 0.294834 0.902353
10 0.642344 0.813797 0.720065 0.813667 0.720195 0.848209 0.642474 0.848339
14 0.642688 0.865950 0.725188 0.865950 0.725188 0.902616 0.642688 0.902616
16 0.576119 0.433076 0.658619 0.433076 0.658619 0.469743 0.576119 0.469743
