4 0.591713 0.373721 0.674213 0.373721 0.674213 0.410388 0.591713 0.410388
5 0.320591 0.371994 0.403091 0.371994 0.403091 0.408661 0.320591 0.408661
11 0.295282 0.790984 0.375530 0.803746 0.362768 0.839412 0.282520 0.826650
3 0.148410 0.427330 0.249808 0.436100 0.241970 0.481132 0.140569 0.472359
13 0.146598 0.472847 0.242303 0.482919 0.235146 0.525429 0.139443 0.515354
2 0.770087 0.419410 0.872023 0.402725 0.883542 0.447597 0.781607 0.464284
12 0.787558 0.463785 0.883837 0.447124 0.896308 0.489582 0.800030 0.506241
1 0.378457 0.395221 0.628457 0.395221 0.628457 0.506332 0.378457 0.506332
15 0.276415 0.851637 0.357966 0.859959 0.349643 0.896204 0.268093 0.887882
10 0.624287 0.799719 0.702008 0.799589 0.702138 0.834131 0.624417 0.834261
14 0.619373 0.865950 0.701873 0.865950 0.701873 0.902616 0.619373 0.902616
9 0.111040 0.802222 0.192877 0.795258 0.199841 0.831630 0.118003 0.838593
8 0.797752 0.796248 0.879238 0.804843 0.870641 0.841059 0.789155 0.832464
16 0.593545 0.408182 0.676045 0.408182 0.676045 0.444849 0.593545 0.444849
