4 0.599485 0.349541 0.681985 0.349541 0.681985 0.386208 0.599485 0.386208
5 0.341316 0.351269 0.423816 0.351269 0.423816 0.387936 0.341316 0.387936
11 0.316273 0.776506 0.398773 0.776506 0.398773 0.813172 0.316273 0.813172
3 0.164690 0.386958 0.264735 0.401033 0.251595 0.445512 0.151547 0.431435
13 0.157353 0.433744 0.253984 0.445567 0.245118 0.488537 0.148487 0.476712
2 0.761890 0.391839 0.865684 0.381424 0.871014 0.426810 0.767220 0.437226
12 0.769118 0.437662 0.867461 0.427711 0.873297 0.470799 0.774955 0.480749
1 0.396592 0.367588 0.646592 0.367588 0.646592 0.478699 0.396592 0.478699
15 0.318597 0.831146 0.401094 0.831671 0.400568 0.868336 0.318072 0.867811
10 0.634651 0.772085 0.712372 0.771955 0.712502 0.806497 0.634781 0.806627
14 0.640097 0.831408 0.722597 0.831408 0.722597 0.868074 0.640097 0.868074
9 0.127268 0.801339 0.209382 0.796018 0.214701 0.832513 0.132588 0.837833
8 0.788863 0.791179 0.862172 0.799728 0.853624 0.832310 0.780314 0.823761
16 0.598524 0.386608 0.681024 0.386608 0.681024 0.423274 0.598524 0.423274
