4 0.620210 0.349541 0.702710 0.349541 0.702710 0.386208 0.620210 0.386208
5 0.341316 0.351269 0.423816 0.351269 0.423816 0.387936 0.341316 0.387936
11 0.300729 0.796865 0.383229 0.796865 0.383229 0.833531 0.300729 0.833531
3 0.154335 0.385340 0.253000 0.403228 0.236043 0.447130 0.137375 0.429240
13 0.145308 0.438358 0.240171 0.455397 0.226074 0.497741 0.131213 0.480700
2 0.759226 0.411698 0.860524 0.393366 0.873676 0.438038 0.772380 0.456372
12 0.780645 0.453642 0.877886 0.439686 0.887677 0.482455 0.790437 0.496409
1 0.401774 0.390041 0.651774 0.390041 0.651774 0.501152 0.401774 0.501152
15 0.303132 0.855324 0.385629 0.855849 0.385103 0.892514 0.302607 0.891989
10 0.637242 0.789357 0.714963 0.789227 0.715093 0.823769 0.637372 0.823899
14 0.642688 0.852132 0.725188 0.852132 0.725188 0.888798 0.642688 0.888798
9 0.120183 0.783990 0.202649 0.785578 0.201061 0.822229 0.118594 0.820641
8 0.798242 0.784662 0.880741 0.784890 0.880515 0.821556 0.798014 0.821330
