4 0.586532 0.415172 0.669032 0.415172 0.669032 0.451839 0.586532 0.451839
5 0.330953 0.409991 0.413453 0.409991 0.413453 0.446658 0.330953 0.446658
11 0.282594 0.798593 0.365094 0.798593 0.365094 0.835259 0.282594 0.835259
3 0.170556 0.402327 0.273474 0.415486 0.261272 0.461230 0.158353 0.448070
13 0.177620 0.429573 0.266420 0.442789 0.255938 0.482346 0.167139 0.469128
2 0.727047 0.402190 0.830000 0.388561 0.838498 0.433730 0.735546 0.447362
12 0.739260 0.439714 0.836566 0.425958 0.846159 0.468746 0.748854 0.482502
1 0.373275 0.434946 0.623275 0.434946 0.623275 0.546057 0.373275 0.546057
15 0.284732 0.853860 0.367232 0.853860 0.367232 0.890527 0.284732 0.890527
10 0.611334 0.801446 0.689055 0.801316 0.689185 0.835858 0.611464 0.835988
6 0.567859 0.332966 0.598761 0.281970 0.649757 0.295704 0.618855 0.346700
7 0.409812 0.280019 0.443502 0.330223 0.393297 0.345197 0.359606 0.294992
16 0.586077 0.446353 0.668577 0.446353 0.668577 0.483020 0.586077 0.483020
