4 0.591713 0.396173 0.674213 0.396173 0.674213 0.432840 0.591713 0.432840
5 0.330953 0.394446 0.413453 0.394446 0.413453 0.431113 0.330953 0.431113
11 0.303319 0.781321 0.385819 0.781321 0.385819 0.817987 0.303319 0.817987
3 0.170390 0.386420 0.263213 0.415006 0.235532 0.456414 0.142707 0.427824
13 0.147393 0.427689 0.237246 0.454178 0.213624 0.494591 0.123774 0.468103
2 0.747582 0.412773 0.846618 0.389592 0.864595 0.433510 0.765560 0.456693
12 0.760409 0.450862 0.854658 0.429661 0.871643 0.471417 0.777395 0.492616
15 0.297949 0.843235 0.380446 0.843760 0.379920 0.880425 0.297424 0.879900
10 0.632060 0.780720 0.709781 0.780590 0.709911 0.815132 0.632190 0.815262
14 0.632325 0.846952 0.714825 0.846952 0.714825 0.883618 0.632325 0.883618
1 0.387953 0.415947 0.637953 0.415947 0.637953 0.527058 0.387953 0.527058
