4 0.578760 0.399627 0.661260 0.399627 0.661260 0.436294 0.578760 0.436294
5 0.351679 0.396174 0.434179 0.396174 0.434179 0.432841 0.351679 0.432841
11 0.298138 0.804087 0.380638 0.804087 0.380638 0.840753 0.298138 0.840753
3 0.152367 0.407756 0.249001 0.430033 0.227648 0.473074 0.131012 0.450794
13 0.139246 0.442898 0.231331 0.465726 0.211409 0.507016 0.119326 0.484188
2 0.747582 0.412773 0.846618 0.389592 0.864595 0.433510 0.765560 0.456693
12 0.760409 0.450862 0.854658 0.429661 0.871643 0.471417 0.777395 0.492616
1 0.386229 0.421129 0.636229 0.421129 0.636229 0.532240 0.386229 0.532240
15 0.295359 0.855012 0.377856 0.855537 0.377330 0.892202 0.294834 0.891677
10 0.639675 0.813797 0.717396 0.813667 0.717526 0.848209 0.639805 0.848339
14 0.640019 0.858833 0.722519 0.858833 0.722519 0.895499 0.640019 0.895499
