4 0.596896 0.384084 0.679396 0.384084 0.679396 0.420751 0.596896 0.420751
5 0.317999 0.384083 0.400499 0.384083 0.400499 0.420750 0.317999 0.420750
11 0.277648 0.807594 0.360148 0.807594 0.360148 0.844260 0.277648 0.844260
13 0.127523 0.471666 0.215401 0.487385 0.202406 0.526609 0.114530 0.510887
2 0.770699 0.418359 0.873295 0.403580 0.882928 0.448649 0.780333 0.463431
12 0.778864 0.464458 0.876796 0.452841 0.884276 0.495816 0.786345 0.507433
1 0.378456 0.428037 0.628456 0.428037 0.628456 0.539148 0.378456 0.539148
15 0.275680 0.855753 0.358092 0.858287 0.355559 0.894914 0.273146 0.892381
8 0.787216 0.794617 0.867612 0.806958 0.855271 0.842690 0.774874 0.830347
14 0.614386 0.853807 0.696419 0.853807 0.696419 0.890266 0.614386 0.890266
10 0.616468 0.797074 0.698968 0.797074 0.698968 0.833741 0.616468 0.833741
9 0.121897 0.802112 0.204397 0.801981 0.204528 0.838648 0.122028 0.838779
3 0.144694 0.426967 0.223630 0.442959 0.207638 0.478042 0.128702 0.462050
16 0.601013 0.416480 0.683513 0.416480 0.683513 0.453147 0.601013 0.453147
