4 0.599485 0.349541 0.681985 0.349541 0.681985 0.386208 0.599485 0.386208
5 0.341316 0.351269 0.423816 0.351269 0.423816 0.387936 0.341316 0.387936
11 0.285185 0.777867 0.367685 0.777867 0.367685 0.814533 0.285185 0.814533
3 0.159923 0.395323 0.259765 0.410023 0.245999 0.454418 0.146154 0.439716
13 0.143691 0.442893 0.240617 0.453594 0.232872 0.496660 0.135948 0.485957
2 0.730729 0.408244 0.832027 0.389912 0.845179 0.434584 0.743883 0.452918
12 0.746966 0.448460 0.844207 0.434504 0.853998 0.477273 0.756758 0.491227
1 0.373276 0.393495 0.623276 0.393495 0.623276 0.504606 0.373276 0.504606
15 0.284997 0.832872 0.367494 0.833397 0.366968 0.870062 0.284472 0.869537
10 0.616516 0.773812 0.694237 0.773682 0.694367 0.808224 0.616646 0.808354
14 0.614191 0.838316 0.696691 0.838316 0.696691 0.874982 0.614191 0.874982
9 0.166813 0.784969 0.249121 0.781214 0.252876 0.817795 0.170568 0.821550
8 0.761502 0.779263 0.843758 0.783488 0.839534 0.820046 0.757277 0.815822
