4 0.542490 0.378902 0.624990 0.378902 0.624990 0.415569 0.542490 0.415569
5 0.310228 0.380630 0.392728 0.380630 0.392728 0.417297 0.310228 0.417297
11 0.300729 0.796865 0.383229 0.796865 0.383229 0.833531 0.300729 0.833531
3 0.184479 0.396396 0.285941 0.404832 0.278439 0.449890 0.176972 0.441452
13 0.186528 0.448991 0.283897 0.457722 0.278118 0.500924 0.180751 0.492192
2 0.700630 0.403616 0.802227 0.387610 0.813101 0.432304 0.711506 0.448312
12 0.713287 0.448461 0.810528 0.434505 0.820319 0.477274 0.723079 0.491228
1 0.347370 0.398677 0.597370 0.398677 0.597370 0.509788 0.347370 0.509788
15 0.305723 0.832871 0.388220 0.833396 0.387694 0.870061 0.305198 0.869536
10 0.613926 0.787630 0.691647 0.787500 0.691777 0.822042 0.614056 0.822172
14 0.619372 0.831407 0.701872 0.831407 0.701872 0.868073 0.619372 0.868073
9 0.172812 0.777682 0.254513 0.785317 0.246879 0.821628 0.165175 0.813994
8 0.751415 0.761872 0.833455 0.756071 0.839259 0.792532 0.757217 0.798336
