4 0.578761 0.411718 0.661261 0.411718 0.661261 0.448385 0.578761 0.448385
5 0.333544 0.409990 0.416044 0.409990 0.416044 0.446657 0.333544 0.446657
11 0.292957 0.793411 0.375457 0.793411 0.375457 0.830077 0.292957 0.830077
3 0.172190 0.394339 0.274323 0.409981 0.259638 0.455401 0.157505 0.439758
13 0.176489 0.426918 0.264512 0.442270 0.251886 0.481548 0.163864 0.466193
2 0.729757 0.401664 0.829443 0.379755 0.846151 0.423895 0.746466 0.445806
12 0.752481 0.442606 0.846400 0.420764 0.864027 0.462400 0.770108 0.484243
1 0.378457 0.431491 0.628457 0.431491 0.628457 0.542602 0.378457 0.542602
15 0.300511 0.848417 0.383011 0.848417 0.383011 0.885084 0.300511 0.885084
10 0.603828 0.789957 0.686328 0.789957 0.686328 0.826624 0.603828 0.826624
6 0.571690 0.334123 0.599273 0.282288 0.651108 0.294547 0.623525 0.346382
7 0.396344 0.277874 0.438499 0.325152 0.391221 0.343888 0.349066 0.296610
