4 0.547671 0.382357 0.630171 0.382357 0.630171 0.419024 0.547671 0.419024
5 0.325772 0.384084 0.408272 0.384084 0.408272 0.420751 0.325772 0.420751
11 0.301786 0.777925 0.382627 0.788900 0.371652 0.824830 0.290811 0.813855
3 0.192557 0.427652 0.294589 0.432082 0.291087 0.477355 0.189052 0.472923
13 0.193797 0.471592 0.290643 0.473548 0.291574 0.516321 0.194730 0.514362
2 0.706659 0.407300 0.801805 0.397360 0.807074 0.438982 0.711928 0.448924
12 0.713600 0.451409 0.811129 0.438375 0.820007 0.481233 0.722479 0.494264
1 0.368094 0.398675 0.618094 0.398675 0.618094 0.509786 0.368094 0.509786
10 0.609745 0.782751 0.687212 0.778563 0.691399 0.812992 0.613932 0.817180
14 0.619687 0.821724 0.702187 0.821724 0.702187 0.858390 0.619687 0.858390
9 0.180314 0.784527 0.252911 0.792880 0.244556 0.825146 0.171959 0.816791
8 0.750495 0.756253 0.829635 0.756071 0.829815 0.791245 0.750675 0.791427
15 0.287530 0.826853 0.370030 0.826853 0.370030 0.863520 0.287530 0.863520
16 0.546246 0.414821 0.628746 0.414821 0.628746 0.451487 0.546246 0.451487
