4 0.625393 0.401356 0.707893 0.401356 0.707893 0.438023 0.625393 0.438023
5 0.374995 0.394446 0.457495 0.394446 0.457495 0.431113 0.374995 0.431113
11 0.324045 0.788230 0.406545 0.788230 0.406545 0.824896 0.324045 0.824896
3 0.212007 0.414417 0.314925 0.427576 0.302723 0.473320 0.199804 0.460160
13 0.200935 0.460661 0.289735 0.473877 0.279253 0.513434 0.190454 0.500216
2 0.732228 0.422916 0.835181 0.409287 0.843679 0.454456 0.740727 0.468088
12 0.740198 0.464171 0.838269 0.453088 0.845221 0.496102 0.747151 0.507186
1 0.414726 0.441854 0.664726 0.441854 0.664726 0.552965 0.414726 0.552965
15 0.313229 0.850405 0.395729 0.850405 0.395729 0.887072 0.313229 0.887072
14 0.653716 0.838420 0.735749 0.838420 0.735749 0.874879 0.653716 0.874879
10 0.653050 0.781321 0.735550 0.781321 0.735550 0.817988 0.653050 0.817988
9 0.169353 0.799075 0.251331 0.805249 0.245156 0.841685 0.163177 0.835511
7 0.460326 0.276885 0.528852 0.307512 0.498222 0.337969 0.429698 0.307341
6 0.576130 0.313900 0.650676 0.281639 0.682937 0.314769 0.608392 0.347031
16 0.625907 0.428098 0.708407 0.428098 0.708407 0.464764 0.625907 0.464764
