4 0.602077 0.380630 0.684577 0.380630 0.684577 0.417297 0.602077 0.417297
5 0.323181 0.382356 0.405681 0.382356 0.405681 0.419023 0.323181 0.419023
11 0.295547 0.739870 0.378047 0.739870 0.378047 0.776536 0.295547 0.776536
3 0.136187 0.404753 0.240323 0.412567 0.233464 0.458804 0.129328 0.450989
13 0.133851 0.445014 0.223685 0.454632 0.216804 0.494539 0.126970 0.484918
2 0.758470 0.425353 0.858564 0.404287 0.874433 0.448565 0.774340 0.469633
12 0.781679 0.465172 0.876939 0.446083 0.891823 0.488193 0.796564 0.507282
1 0.383638 0.414220 0.633638 0.414220 0.633638 0.525331 0.383638 0.525331
15 0.295094 0.779594 0.377594 0.779594 0.377594 0.816261 0.295094 0.816261
14 0.627809 0.786606 0.709842 0.786606 0.709842 0.823065 0.627809 0.823065
10 0.621962 0.743325 0.704462 0.743325 0.704462 0.779992 0.621962 0.779992
7 0.411511 0.246743 0.457835 0.292254 0.412323 0.312843 0.366000 0.267331
6 0.576965 0.300586 0.611396 0.250605 0.661377 0.265908 0.626946 0.315889
16 0.603502 0.406523 0.686002 0.406523 0.686002 0.443189 0.603502 0.443189
