4 0.620210 0.349541 0.702710 0.349541 0.702710 0.386208 0.620210 0.386208
5 0.341316 0.351269 0.423816 0.351269 0.423816 0.387936 0.341316 0.387936
11 0.318864 0.786502 0.401364 0.786502 0.401364 0.823168 0.318864 0.823168
3 0.142985 0.383084 0.238936 0.406636 0.216305 0.449386 0.120351 0.425832
13 0.121581 0.432304 0.213330 0.455727 0.192806 0.496886 0.101059 0.473462
2 0.769589 0.420334 0.870887 0.402002 0.884039 0.446674 0.782743 0.465008
12 0.783236 0.467459 0.880477 0.453503 0.890268 0.496272 0.793028 0.510226
1 0.401774 0.390041 0.651774 0.390041 0.651774 0.501152 0.401774 0.501152
15 0.308313 0.848416 0.390810 0.848941 0.390284 0.885606 0.307788 0.885081
10 0.629470 0.778994 0.707191 0.778864 0.707321 0.813406 0.629600 0.813536
14 0.632325 0.845224 0.714825 0.845224 0.714825 0.881890 0.632325 0.881890
9 0.146826 0.750411 0.225743 0.734378 0.241776 0.769452 0.162858 0.785485
8 0.813786 0.805387 0.896285 0.805615 0.896059 0.842281 0.813558 0.842055
