4 0.599485 0.349541 0.681985 0.349541 0.681985 0.386208 0.599485 0.386208
5 0.341316 0.351269 0.423816 0.351269 0.423816 0.387936 0.341316 0.387936
11 0.329226 0.765777 0.411726 0.765777 0.411726 0.802443 0.329226 0.802443
3 0.185830 0.395323 0.285672 0.410023 0.271906 0.454418 0.172061 0.439716
13 0.173907 0.443477 0.268711 0.460661 0.254470 0.502984 0.159668 0.485798
2 0.787894 0.392054 0.883499 0.363171 0.907185 0.405869 0.811582 0.434754
12 0.808833 0.434025 0.901085 0.409226 0.921665 0.450257 0.829414 0.475054
1 0.404364 0.367588 0.654364 0.367588 0.654364 0.478699 0.404364 0.478699
15 0.321266 0.825964 0.403763 0.826489 0.403237 0.863154 0.320741 0.862629
10 0.637241 0.772085 0.714962 0.771955 0.715092 0.806497 0.637371 0.806627
14 0.658232 0.833135 0.740732 0.833135 0.740732 0.869801 0.658232 0.869801
9 0.144146 0.786512 0.223419 0.801745 0.208186 0.836977 0.128913 0.821744
8 0.748542 0.620918 0.775045 0.673003 0.722960 0.684782 0.696457 0.632697
