4 0.581350 0.389264 0.663850 0.389264 0.663850 0.425931 0.581350 0.425931
5 0.320591 0.389265 0.403091 0.389265 0.403091 0.425932 0.320591 0.425932
11 0.287775 0.791684 0.370275 0.791684 0.370275 0.828350 0.287775 0.828350
3 0.152367 0.407756 0.249001 0.430033 0.227648 0.473074 0.131012 0.450794
13 0.139246 0.442898 0.231331 0.465726 0.211409 0.507016 0.119326 0.484188
2 0.747582 0.412773 0.846618 0.389592 0.864595 0.433510 0.765560 0.456693
12 0.760409 0.450862 0.854658 0.429661 0.871643 0.471417 0.777395 0.492616
1 0.394001 0.410767 0.644001 0.410767 0.644001 0.521878 0.394001 0.521878
15 0.290334 0.848260 0.372831 0.848785 0.372305 0.885450 0.289809 0.884925
10 0.629469 0.791083 0.707190 0.790953 0.707320 0.825495 0.629599 0.825625
14 0.627144 0.850040 0.709644 0.850040 0.709644 0.886706 0.627144 0.886706
