4 0.524357 0.384084 0.606857 0.384084 0.606857 0.420751 0.524357 0.420751
5 0.302455 0.385810 0.384955 0.385810 0.384955 0.422477 0.302455 0.422477
11 0.267285 0.787025 0.349785 0.787025 0.349785 0.823691 0.267285 0.823691
2 0.674724 0.400981 0.778988 0.392913 0.782012 0.438393 0.677748 0.446464
12 0.689464 0.446443 0.786657 0.436708 0.792328 0.479288 0.695136 0.489023
1 0.326643 0.398676 0.576643 0.398676 0.576643 0.509787 0.326643 0.509787
15 0.271131 0.824118 0.353568 0.821976 0.355710 0.858614 0.273272 0.860757
8 0.706504 0.760781 0.788869 0.763926 0.785724 0.800533 0.703358 0.797386
14 0.567023 0.823543 0.648381 0.816539 0.655385 0.852698 0.574028 0.859702
10 0.561165 0.785457 0.643060 0.778813 0.649705 0.815211 0.567809 0.821855
16 0.523842 0.414821 0.606342 0.414821 0.606342 0.451487 0.523842 0.451487
