4 0.556394 0.374575 0.642376 0.374774 0.642178 0.412989 0.556195 0.412790
5 0.313995 0.380401 0.396377 0.377456 0.399321 0.414071 0.316940 0.417015
11 0.282750 0.822351 0.365250 0.822351 0.365250 0.859017 0.282750 0.859017
3 0.167275 0.428933 0.271411 0.436747 0.264552 0.482984 0.160416 0.475169
13 0.160442 0.477126 0.251541 0.484213 0.247209 0.524603 0.156110 0.517513
2 0.726075 0.413674 0.830121 0.404442 0.834289 0.449881 0.730243 0.459116
12 0.733716 0.453770 0.832508 0.446038 0.836159 0.489233 0.737369 0.496965
1 0.359063 0.425862 0.609033 0.423316 0.611580 0.534414 0.361609 0.536960
15 0.282297 0.863070 0.364797 0.863070 0.364797 0.899737 0.282297 0.899737
8 0.721607 0.811182 0.799364 0.829562 0.780984 0.864121 0.703227 0.845739
14 0.604258 0.861447 0.686291 0.861447 0.686291 0.897906 0.604258 0.897906
10 0.598333 0.831300 0.680833 0.831300 0.680833 0.867967 0.598333 0.867967
6 0.519552 0.266905 0.574429 0.219428 0.611710 0.244321 0.556832 0.291797
9 0.163033 0.802587 0.242920 0.788851 0.256656 0.824356 0.176769 0.838092
