4 0.555445 0.344361 0.637945 0.344361 0.637945 0.381028 0.555445 0.381028
5 0.341316 0.347814 0.423816 0.347814 0.423816 0.384481 0.341316 0.384481
11 0.316273 0.803774 0.398773 0.803774 0.398773 0.840440 0.316273 0.840440
3 0.157603 0.414417 0.260521 0.427576 0.248319 0.473320 0.145400 0.460160
13 0.156894 0.457207 0.245694 0.470423 0.235212 0.509980 0.146413 0.496762
2 0.724456 0.384919 0.827409 0.371290 0.835907 0.416459 0.732955 0.430091
12 0.740198 0.431356 0.838269 0.420273 0.845221 0.463287 0.747151 0.474371
1 0.355141 0.398676 0.605141 0.398676 0.605141 0.509787 0.355141 0.509787
15 0.323592 0.843497 0.406092 0.843497 0.406092 0.880164 0.323592 0.880164
8 0.714756 0.765420 0.793620 0.781568 0.777472 0.816618 0.698608 0.800469
14 0.614856 0.836693 0.696889 0.836693 0.696889 0.873152 0.614856 0.873152
10 0.616781 0.798592 0.699281 0.798592 0.699281 0.835259 0.616781 0.835259
9 0.190466 0.797983 0.268636 0.780400 0.286219 0.815143 0.208048 0.832726
7 0.381905 0.246152 0.462866 0.256725 0.452292 0.292709 0.371331 0.282135
6 0.486714 0.258100 0.556669 0.228944 0.585825 0.260034 0.515871 0.289191
