4 0.565808 0.392720 0.648308 0.392720 0.648308 0.429387 0.565808 0.429387
5 0.307637 0.390992 0.390137 0.390992 0.390137 0.427659 0.307637 0.427659
11 0.305910 0.803774 0.388410 0.803774 0.388410 0.840440 0.305910 0.840440
3 0.154322 0.418570 0.258458 0.426384 0.251599 0.472621 0.147463 0.464806
13 0.147622 0.463673 0.238056 0.470339 0.234122 0.510423 0.143688 0.503754
2 0.727945 0.416087 0.821760 0.384704 0.847962 0.426743 0.754149 0.458128
12 0.758809 0.452641 0.847747 0.422944 0.873243 0.462728 0.784306 0.492426
1 0.352550 0.402130 0.602550 0.402130 0.602550 0.513241 0.352550 0.513241
15 0.300276 0.857314 0.382776 0.857314 0.382776 0.893981 0.300276 0.893981
8 0.682212 0.640530 0.726770 0.686818 0.680482 0.706621 0.635925 0.660332
14 0.635581 0.866054 0.717614 0.866054 0.717614 0.902513 0.635581 0.902513
10 0.627144 0.810682 0.709644 0.810682 0.709644 0.847349 0.627144 0.847349
9 0.176127 0.660544 0.225311 0.616387 0.269469 0.638247 0.220285 0.682404
16 0.568651 0.426438 0.651151 0.426438 0.651151 0.463105 0.568651 0.463105
