4 0.615029 0.409990 0.697529 0.409990 0.697529 0.446657 0.615029 0.446657
5 0.406083 0.404809 0.488583 0.404809 0.488583 0.441476 0.406083 0.441476
11 0.353923 0.797029 0.435733 0.804127 0.428636 0.840486 0.346825 0.833389
3 0.216763 0.397460 0.318619 0.413887 0.303148 0.459189 0.201291 0.442761
13 0.211256 0.419358 0.298644 0.436246 0.284477 0.475289 0.197090 0.458400
2 0.750363 0.431551 0.853316 0.417922 0.861814 0.463091 0.758862 0.476723
12 0.757395 0.462167 0.854701 0.448411 0.864294 0.491199 0.766989 0.504955
1 0.432861 0.457399 0.682861 0.457399 0.682861 0.568510 0.432861 0.568510
15 0.337668 0.850506 0.419561 0.857170 0.412897 0.893566 0.331005 0.886903
10 0.639831 0.797992 0.717552 0.797862 0.717682 0.832404 0.639961 0.832534
6 0.596428 0.333471 0.643271 0.288197 0.688546 0.309016 0.641702 0.354291
7 0.476660 0.288239 0.525979 0.332328 0.481890 0.354248 0.432568 0.310159
14 0.637506 0.853861 0.720006 0.853861 0.720006 0.890527 0.637506 0.890527
