4 0.599485 0.349541 0.681985 0.349541 0.681985 0.386208 0.599485 0.386208
5 0.341316 0.351269 0.423816 0.351269 0.423816 0.387936 0.341316 0.387936
11 0.300729 0.767504 0.383229 0.767504 0.383229 0.804170 0.300729 0.804170
3 0.152743 0.376966 0.247229 0.403019 0.222091 0.445141 0.127603 0.419086
13 0.128634 0.413663 0.220896 0.436170 0.201298 0.477530 0.109036 0.455021
2 0.761890 0.391839 0.865684 0.381424 0.871014 0.426810 0.767220 0.437226
12 0.776890 0.435935 0.875233 0.425984 0.881069 0.469072 0.782727 0.479022
1 0.386229 0.365861 0.636229 0.365861 0.636229 0.476972 0.386229 0.476972
15 0.300541 0.817329 0.383038 0.817854 0.382512 0.854519 0.300016 0.853994
10 0.637242 0.765177 0.714963 0.765047 0.715093 0.799589 0.637372 0.799719
14 0.645278 0.821045 0.727778 0.821045 0.727778 0.857711 0.645278 0.857711
9 0.149194 0.737102 0.227716 0.720228 0.244589 0.755126 0.166067 0.772000
8 0.781091 0.813632 0.854400 0.822181 0.845852 0.854763 0.772542 0.846214
16 0.601013 0.384948 0.683513 0.384948 0.683513 0.421615 0.601013 0.421615
