4 0.591712 0.413445 0.674212 0.413445 0.674212 0.450112 0.591712 0.450112
5 0.336135 0.413445 0.418635 0.413445 0.418635 0.450112 0.336135 0.450112
11 0.298567 0.799896 0.381057 0.800744 0.380209 0.837407 0.297719 0.836559
3 0.186815 0.398153 0.286149 0.414313 0.270922 0.458495 0.171586 0.442332
13 0.176675 0.425349 0.268808 0.445341 0.251701 0.486570 0.159571 0.466576
2 0.733512 0.402952 0.827269 0.388273 0.837215 0.429513 0.743459 0.444194
12 0.744688 0.439319 0.842217 0.426285 0.851095 0.469143 0.753567 0.482174
1 0.378457 0.426309 0.628457 0.426309 0.628457 0.537420 0.378457 0.537420
10 0.616514 0.792811 0.694235 0.792681 0.694365 0.827223 0.616644 0.827353
14 0.616783 0.859041 0.699283 0.859041 0.699283 0.895707 0.616783 0.895707
15 0.295537 0.860769 0.378037 0.860769 0.378037 0.897436 0.295537 0.897436
6 0.571823 0.329885 0.603893 0.277622 0.656156 0.291876 0.624086 0.344140
7 0.396439 0.283059 0.438458 0.330390 0.391126 0.349066 0.349107 0.301734
