4 0.599485 0.349541 0.681985 0.349541 0.681985 0.386208 0.599485 0.386208
5 0.341316 0.351269 0.423816 0.351269 0.423816 0.387936 0.341316 0.387936
11 0.329226 0.765777 0.411726 0.765777 0.411726 0.802443 0.329226 0.802443
3 0.186481 0.398363 0.287210 0.410071 0.276436 0.454832 0.175705 0.443122
13 0.176732 0.448428 0.272792 0.462167 0.262007 0.504941 0.165949 0.491201
2 0.760660 0.404021 0.863555 0.390199 0.872243 0.435353 0.769349 0.449177
12 0.771659 0.444641 0.869971 0.434557 0.875937 0.477638 0.777626 0.487720
1 0.404364 0.367588 0.654364 0.367588 0.654364 0.478699 0.404364 0.478699
15 0.326604 0.822405 0.409101 0.822930 0.408575 0.859595 0.326079 0.859070
10 0.657966 0.775748 0.735687 0.775618 0.735817 0.810160 0.658096 0.810290
14 0.657997 0.820732 0.740497 0.820732 0.740497 0.857398 0.657997 0.857398
9 0.166004 0.803774 0.248504 0.803774 0.248504 0.840440 0.166004 0.840440
8 0.827359 0.764476 0.907058 0.778686 0.892848 0.814108 0.813149 0.799898
