4 0.538237 0.368890 0.620165 0.375353 0.613703 0.411766 0.531774 0.405303
5 0.292754 0.365644 0.374760 0.371654 0.368749 0.408102 0.286744 0.402091
11 0.303319 0.788230 0.385819 0.788230 0.385819 0.824896 0.303319 0.824896
3 0.183289 0.425374 0.287425 0.433188 0.280566 0.479425 0.176430 0.471610
13 0.188939 0.475399 0.280038 0.482486 0.275706 0.522876 0.184607 0.515786
2 0.726075 0.413674 0.830121 0.404442 0.834289 0.449881 0.730243 0.459116
12 0.733716 0.453770 0.832508 0.446038 0.836159 0.489233 0.737369 0.496965
1 0.361201 0.413773 0.610602 0.425296 0.599080 0.536141 0.349678 0.524618
15 0.302866 0.852133 0.385366 0.852133 0.385366 0.888800 0.302866 0.888800
8 0.752695 0.809455 0.830452 0.827835 0.812072 0.862394 0.734315 0.844012
14 0.635581 0.855691 0.717614 0.855691 0.717614 0.892150 0.635581 0.892150
10 0.629734 0.786503 0.712234 0.786503 0.712234 0.823170 0.629734 0.823170
6 0.509189 0.259997 0.564066 0.212520 0.601347 0.237413 0.546469 0.284889
9 0.176861 0.806068 0.256696 0.819936 0.242828 0.855418 0.162993 0.841550
16 0.532225 0.401848 0.614187 0.408118 0.607917 0.444545 0.525954 0.438275
