4 0.547671 0.382357 0.630171 0.382357 0.630171 0.419024 0.547671 0.419024
5 0.325772 0.384084 0.408272 0.384084 0.408272 0.420751 0.325772 0.420751
11 0.298567 0.723903 0.381057 0.724751 0.380209 0.761414 0.297719 0.760566
3 0.192557 0.427652 0.294589 0.432082 0.291087 0.477355 0.189052 0.472923
13 0.193797 0.471592 0.290643 0.473548 0.291574 0.516321 0.194730 0.514362
2 0.706659 0.407300 0.801805 0.397360 0.807074 0.438982 0.711928 0.448924
12 0.713600 0.451409 0.811129 0.438375 0.820007 0.481233 0.722479 0.494264
1 0.368094 0.398675 0.618094 0.398675 0.618094 0.509786 0.368094 0.509786
10 0.600970 0.723726 0.678691 0.723596 0.678821 0.758138 0.601100 0.758268
14 0.609011 0.798592 0.691511 0.798592 0.691511 0.835258 0.609011 0.835258
9 0.180314 0.784527 0.252911 0.792880 0.244556 0.825146 0.171959 0.816791
8 0.750495 0.756253 0.829635 0.756071 0.829815 0.791245 0.750675 0.791427
15 0.295537 0.805501 0.378037 0.805501 0.378037 0.842168 0.295537 0.842168
