4 0.600533 0.367057 0.680051 0.381712 0.665396 0.417053 0.585879 0.402399
5 0.317824 0.368210 0.399826 0.362180 0.405856 0.398626 0.323854 0.404656
11 0.303319 0.789957 0.385819 0.789957 0.385819 0.826623 0.303319 0.826623
3 0.176859 0.378271 0.274394 0.403819 0.249786 0.447289 0.152252 0.421740
13 0.165617 0.419697 0.248645 0.444505 0.226488 0.481860 0.143462 0.457049
2 0.743674 0.407496 0.847420 0.396868 0.852959 0.442243 0.749214 0.452872
12 0.754445 0.455861 0.851390 0.441014 0.862063 0.483688 0.765119 0.498535
1 0.357604 0.395654 0.607182 0.405340 0.597495 0.516264 0.347918 0.506577
15 0.302866 0.846951 0.385366 0.846951 0.385366 0.883618 0.302866 0.883618
14 0.635581 0.848783 0.717614 0.848783 0.717614 0.885242 0.635581 0.885242
10 0.634916 0.783049 0.717416 0.783049 0.717416 0.819716 0.634916 0.819716
7 0.423374 0.241750 0.443445 0.295098 0.390097 0.304018 0.370027 0.250671
6 0.537890 0.288464 0.581033 0.241584 0.627913 0.260759 0.584770 0.307639
16 0.581886 0.396795 0.662976 0.406919 0.652852 0.442960 0.571762 0.432835
