4 0.596895 0.382356 0.679395 0.382356 0.679395 0.419023 0.596895 0.419023
5 0.328362 0.378902 0.410862 0.378902 0.410862 0.415569 0.328362 0.415569
11 0.300728 0.815865 0.383228 0.815865 0.383228 0.852531 0.300728 0.852531
3 0.144443 0.419915 0.248433 0.428551 0.240753 0.474730 0.136762 0.466093
13 0.133583 0.464213 0.223520 0.473397 0.217073 0.513336 0.127137 0.504150
2 0.745182 0.433278 0.848135 0.419649 0.856633 0.464818 0.753681 0.478450
12 0.757395 0.477711 0.854701 0.463955 0.864294 0.506743 0.766989 0.520499
1 0.381047 0.395224 0.631047 0.395224 0.631047 0.506335 0.381047 0.506335
15 0.300276 0.879766 0.382776 0.879766 0.382776 0.916433 0.300276 0.916433
10 0.611333 0.813536 0.689054 0.813406 0.689184 0.847948 0.611463 0.848078
14 0.618271 0.875824 0.702972 0.875824 0.702972 0.913468 0.618271 0.913468
9 0.153923 0.803872 0.231492 0.785142 0.250222 0.819617 0.172653 0.838347
8 0.767640 0.809563 0.849663 0.815468 0.843759 0.851922 0.761736 0.846018
16 0.596034 0.409842 0.678534 0.409842 0.678534 0.446509 0.596034 0.446509
