4 0.594304 0.408263 0.676804 0.408263 0.676804 0.444930 0.594304 0.444930
5 0.299865 0.408263 0.382365 0.408263 0.382365 0.444930 0.299865 0.444930
11 0.300728 0.800790 0.383228 0.800790 0.383228 0.837456 0.300728 0.837456
3 0.144649 0.400600 0.247567 0.413759 0.235365 0.459503 0.132446 0.446343
13 0.133578 0.445117 0.222378 0.458333 0.211896 0.497890 0.123097 0.484672
2 0.745182 0.419461 0.848135 0.405832 0.856633 0.451001 0.753681 0.464633
12 0.759986 0.465621 0.857292 0.451865 0.866885 0.494653 0.769580 0.508409
1 0.368094 0.436674 0.618094 0.436674 0.618094 0.547785 0.368094 0.547785
15 0.300276 0.857314 0.382776 0.857314 0.382776 0.893981 0.300276 0.893981
10 0.634649 0.792967 0.712370 0.792837 0.712500 0.827379 0.634779 0.827509
6 0.553338 0.307324 0.596805 0.260577 0.643553 0.279896 0.600085 0.326643
7 0.410769 0.254602 0.438870 0.306312 0.387158 0.318802 0.359057 0.267090
14 0.629734 0.857315 0.712234 0.857315 0.712234 0.893981 0.629734 0.893981
16 0.601013 0.436395 0.683513 0.436395 0.683513 0.473062 0.601013 0.473062
