4 0.609849 0.396174 0.692349 0.396174 0.692349 0.432841 0.609849 0.432841
5 0.351678 0.396173 0.434178 0.396173 0.434178 0.432840 0.351678 0.432840
11 0.334407 0.798592 0.416907 0.798592 0.416907 0.835258 0.334407 0.835258
3 0.169866 0.418570 0.274002 0.426384 0.267143 0.472621 0.163007 0.464806
13 0.159758 0.462285 0.249592 0.471903 0.242711 0.511810 0.152877 0.502189
2 0.732588 0.443088 0.835835 0.430485 0.843320 0.475735 0.740074 0.488340
12 0.741967 0.489612 0.839382 0.476201 0.848634 0.519022 0.751220 0.532433
1 0.406954 0.419401 0.656954 0.419401 0.656954 0.530512 0.406954 0.530512
15 0.321001 0.859041 0.403501 0.859041 0.403501 0.895708 0.321001 0.895708
8 0.750777 0.817573 0.833103 0.821142 0.829534 0.857731 0.747207 0.854161
14 0.609675 0.859145 0.691708 0.859145 0.691708 0.895604 0.609675 0.895604
10 0.611600 0.795138 0.694100 0.795138 0.694100 0.831805 0.611600 0.831805
9 0.163668 0.787627 0.244259 0.775864 0.256022 0.811682 0.175430 0.823445
16 0.608481 0.424778 0.690981 0.424778 0.690981 0.461445 0.608481 0.461445
