4 0.591713 0.370266 0.674213 0.370266 0.674213 0.406933 0.591713 0.406933
5 0.318000 0.373721 0.400500 0.373721 0.400500 0.410388 0.318000 0.410388
11 0.287775 0.791684 0.370275 0.791684 0.370275 0.828350 0.287775 0.828350
3 0.152367 0.407756 0.249001 0.430033 0.227648 0.473074 0.131012 0.450794
13 0.139246 0.442898 0.231331 0.465726 0.211409 0.507016 0.119326 0.484188
2 0.747582 0.412773 0.846618 0.389592 0.864595 0.433510 0.765560 0.456693
12 0.760409 0.450862 0.854658 0.429661 0.871643 0.471417 0.777395 0.492616
1 0.386229 0.407312 0.636229 0.407312 0.636229 0.518423 0.386229 0.518423
15 0.284996 0.853598 0.367493 0.854123 0.366967 0.890788 0.284471 0.890263
10 0.629469 0.791083 0.707190 0.790953 0.707320 0.825495 0.629599 0.825625
16 0.588283 0.444534 0.670783 0.444534 0.670783 0.481201 0.588283 0.481201
14 0.624475 0.857158 0.706975 0.857158 0.706975 0.893824 0.624475 0.893824
