4 0.591713 0.370266 0.674213 0.370266 0.674213 0.406933 0.591713 0.406933
5 0.318000 0.373721 0.400500 0.373721 0.400500 0.410388 0.318000 0.410388
11 0.285106 0.802360 0.367606 0.802360 0.367606 0.839026 0.285106 0.839026
3 0.152367 0.407756 0.249001 0.430033 0.227648 0.473074 0.131012 0.450794
13 0.128570 0.450015 0.220655 0.472843 0.200733 0.514133 0.108650 0.491305
2 0.747582 0.412773 0.846618 0.389592 0.864595 0.433510 0.765560 0.456693
12 0.765747 0.456200 0.859996 0.434999 0.876981 0.476755 0.782733 0.497954
1 0.368094 0.402131 0.618094 0.402131 0.618094 0.513242 0.368094 0.513242
15 0.284996 0.853598 0.367493 0.854123 0.366967 0.890788 0.284471 0.890263
10 0.618793 0.799980 0.696514 0.799850 0.696644 0.834392 0.618923 0.834522
16 0.588283 0.444534 0.670783 0.444534 0.670783 0.481201 0.588283 0.481201
14 0.611130 0.855379 0.693630 0.855379 0.693630 0.892045 0.611130 0.892045
