4 0.542491 0.401355 0.624991 0.401355 0.624991 0.438022 0.542491 0.438022
5 0.310228 0.397901 0.392728 0.397901 0.392728 0.434568 0.310228 0.434568
11 0.267050 0.829681 0.349550 0.829681 0.349550 0.866347 0.267050 0.866347
3 0.150301 0.414417 0.253219 0.427576 0.241017 0.473320 0.138098 0.460160
13 0.141742 0.467674 0.230542 0.480890 0.220060 0.520447 0.131261 0.507229
2 0.727047 0.402190 0.830000 0.388561 0.838498 0.433730 0.735546 0.447362
12 0.740198 0.452081 0.838269 0.440998 0.845221 0.484012 0.747151 0.495096
1 0.344778 0.440127 0.594778 0.440127 0.594778 0.551238 0.344778 0.551238
15 0.272170 0.876051 0.354670 0.876051 0.354670 0.912718 0.272170 0.912718
8 0.758969 0.815484 0.841213 0.819812 0.836885 0.856364 0.754641 0.852035
14 0.597723 0.877587 0.679648 0.874772 0.682464 0.911183 0.600539 0.913998
10 0.600971 0.825626 0.678692 0.825496 0.678822 0.860038 0.601101 0.860168
9 0.130987 0.801735 0.213381 0.798950 0.216165 0.835571 0.133770 0.838355
6 0.492229 0.275479 0.572334 0.262322 0.585491 0.297924 0.505386 0.311081
7 0.379418 0.262575 0.455431 0.283952 0.434054 0.317736 0.358040 0.296359
