4 0.558035 0.387538 0.640535 0.387538 0.640535 0.424205 0.558035 0.424205
5 0.307637 0.387538 0.390137 0.387538 0.390137 0.424205 0.307637 0.424205
11 0.277412 0.807229 0.359912 0.807229 0.359912 0.843895 0.277412 0.843895
3 0.134287 0.414417 0.237205 0.427576 0.225003 0.473320 0.122084 0.460160
13 0.128397 0.460661 0.217197 0.473877 0.206715 0.513434 0.117916 0.500216
2 0.727047 0.402190 0.830000 0.388561 0.838498 0.433730 0.735546 0.447362
12 0.741851 0.450077 0.839157 0.436321 0.848750 0.479109 0.751445 0.492865
1 0.375866 0.412494 0.625866 0.412494 0.625866 0.523605 0.375866 0.523605
15 0.282141 0.864222 0.364641 0.864222 0.364641 0.900889 0.282141 0.900889
10 0.606152 0.799719 0.683873 0.799589 0.684003 0.834131 0.606282 0.834261
6 0.476658 0.267361 0.550104 0.242311 0.575155 0.274953 0.501709 0.300004
7 0.367290 0.243359 0.432896 0.276705 0.399550 0.305864 0.333942 0.272518
14 0.616781 0.860769 0.699281 0.860769 0.699281 0.897435 0.616781 0.897435
16 0.558693 0.419800 0.641193 0.419800 0.641193 0.456466 0.558693 0.456466
