4 0.603037 0.391173 0.683959 0.401877 0.673255 0.437843 0.592333 0.427139
5 0.382063 0.373296 0.462538 0.385408 0.450425 0.421175 0.369951 0.409063
11 0.306946 0.761177 0.384815 0.779344 0.366649 0.813952 0.288779 0.795785
3 0.180228 0.401299 0.284364 0.409113 0.277505 0.455350 0.173369 0.447535
13 0.175302 0.448468 0.265136 0.458086 0.258255 0.497993 0.168421 0.488372
2 0.722143 0.420738 0.826698 0.414571 0.827858 0.460088 0.723304 0.466258
12 0.734645 0.469897 0.833773 0.464396 0.835231 0.507649 0.736104 0.513149
1 0.407857 0.385120 0.655050 0.410026 0.630144 0.519889 0.382951 0.494983
15 0.293591 0.816084 0.373084 0.830795 0.358373 0.866126 0.278879 0.851415
8 0.704145 0.789939 0.786471 0.793508 0.782902 0.830097 0.700575 0.826527
10 0.567558 0.781321 0.650058 0.781321 0.650058 0.817988 0.567558 0.817988
9 0.166683 0.747125 0.248960 0.743078 0.253006 0.779646 0.170730 0.783692
14 0.572740 0.843497 0.655240 0.843497 0.655240 0.880164 0.572740 0.880164
16 0.589432 0.426780 0.671408 0.432967 0.665221 0.469401 0.583245 0.463214
