4 0.591713 0.396173 0.674213 0.396173 0.674213 0.432840 0.591713 0.432840
5 0.330953 0.394446 0.413453 0.394446 0.413453 0.431113 0.330953 0.431113
11 0.305988 0.812827 0.388488 0.812827 0.388488 0.849493 0.305988 0.849493
3 0.153402 0.399945 0.251061 0.420138 0.231795 0.463614 0.134133 0.443418
13 0.136699 0.445973 0.230501 0.465449 0.213955 0.507396 0.120156 0.487920
2 0.747582 0.412773 0.846618 0.389592 0.864595 0.433510 0.765560 0.456693
12 0.760409 0.450862 0.854658 0.429661 0.871643 0.471417 0.777395 0.492616
15 0.303209 0.860298 0.385706 0.860823 0.385180 0.897488 0.302684 0.896963
10 0.645013 0.808354 0.722734 0.808224 0.722864 0.842766 0.645143 0.842896
14 0.645278 0.869405 0.727778 0.869405 0.727778 0.906071 0.645278 0.906071
1 0.387953 0.415947 0.637953 0.415947 0.637953 0.527058 0.387953 0.527058
