4 0.599485 0.349541 0.681985 0.349541 0.681985 0.386208 0.599485 0.386208
5 0.341316 0.351269 0.423816 0.351269 0.423816 0.387936 0.341316 0.387936
11 0.326949 0.771115 0.409449 0.771115 0.409449 0.807781 0.326949 0.807781
3 0.175467 0.393596 0.275309 0.408296 0.261543 0.452691 0.161698 0.437989
13 0.161582 0.442985 0.257447 0.457315 0.246070 0.500022 0.150206 0.485690
2 0.749034 0.402417 0.844639 0.373534 0.868325 0.416232 0.772722 0.445117
12 0.772564 0.440933 0.864816 0.416134 0.885396 0.457165 0.793145 0.481962
1 0.404364 0.367588 0.654364 0.367588 0.654364 0.478699 0.404364 0.478699
15 0.313494 0.831145 0.395991 0.831670 0.395465 0.868335 0.312969 0.867810
10 0.634651 0.770358 0.712372 0.770228 0.712502 0.804770 0.634781 0.804900
14 0.646259 0.831844 0.726798 0.831844 0.726798 0.867638 0.646259 0.867638
9 0.172803 0.780338 0.254425 0.772332 0.262431 0.808608 0.180809 0.816614
8 0.730407 0.614010 0.756910 0.666095 0.704825 0.677874 0.678322 0.625789
16 0.603502 0.386608 0.686002 0.386608 0.686002 0.423274 0.603502 0.423274
