4 0.591713 0.373721 0.674213 0.373721 0.674213 0.410388 0.591713 0.410388
5 0.320591 0.371994 0.403091 0.371994 0.403091 0.408661 0.320591 0.408661
11 0.287775 0.796865 0.370275 0.796865 0.370275 0.833531 0.287775 0.833531
3 0.130275 0.420422 0.231673 0.429192 0.223835 0.474224 0.122434 0.465451
13 0.123282 0.471120 0.218987 0.481192 0.211830 0.523702 0.116127 0.513627
2 0.738999 0.428046 0.840935 0.411361 0.852454 0.456233 0.750519 0.472920
12 0.751289 0.472421 0.847568 0.455760 0.860039 0.498218 0.763761 0.514877
1 0.370685 0.388313 0.620685 0.388313 0.620685 0.499424 0.370685 0.499424
15 0.284997 0.862234 0.367494 0.862759 0.366968 0.899424 0.284472 0.898899
10 0.639831 0.804900 0.717552 0.804770 0.717682 0.839312 0.639961 0.839442
14 0.640098 0.864223 0.722598 0.864223 0.722598 0.900889 0.640098 0.900889
9 0.129175 0.798768 0.211012 0.791804 0.217976 0.828176 0.136138 0.835139
8 0.808115 0.758251 0.889601 0.766846 0.881004 0.803062 0.799518 0.794467
