4 0.591715 0.370267 0.674215 0.370267 0.674215 0.406934 0.591715 0.406934
5 0.312818 0.368539 0.395318 0.368539 0.395318 0.405206 0.312818 0.405206
11 0.285185 0.783048 0.367685 0.783048 0.367685 0.819714 0.285185 0.819714
13 0.157083 0.458894 0.246950 0.468376 0.240204 0.508293 0.150338 0.498808
2 0.757746 0.397634 0.860342 0.382855 0.869975 0.427924 0.767380 0.442706
12 0.776273 0.445460 0.874205 0.433843 0.881685 0.476818 0.783754 0.488435
1 0.370684 0.415947 0.620684 0.415947 0.620684 0.527058 0.370684 0.527058
15 0.271396 0.848052 0.351706 0.860641 0.339117 0.896334 0.258807 0.883745
8 0.802760 0.798071 0.883156 0.810412 0.870815 0.846144 0.790418 0.833801
14 0.630400 0.859145 0.712433 0.859145 0.712433 0.895604 0.630400 0.895604
10 0.627144 0.786503 0.709644 0.786503 0.709644 0.823170 0.627144 0.823170
9 0.121897 0.802112 0.204397 0.801981 0.204528 0.838648 0.122028 0.838779
3 0.166092 0.415950 0.247394 0.425291 0.238053 0.461425 0.156751 0.452084
