4 0.591715 0.365086 0.674215 0.365086 0.674215 0.401753 0.591715 0.401753
5 0.299865 0.361631 0.382365 0.361631 0.382365 0.398298 0.299865 0.398298
11 0.298138 0.769231 0.380638 0.769231 0.380638 0.805897 0.298138 0.805897
13 0.131449 0.449997 0.220013 0.463899 0.208843 0.503373 0.120280 0.489468
2 0.731839 0.395907 0.834435 0.381128 0.844068 0.426197 0.741474 0.440978
12 0.748454 0.440069 0.844408 0.422591 0.857691 0.464938 0.761739 0.482416
1 0.370684 0.393495 0.620684 0.393495 0.620684 0.504606 0.370684 0.504606
15 0.292504 0.831407 0.375004 0.831407 0.375004 0.868074 0.292504 0.868074
8 0.782035 0.804980 0.862431 0.817321 0.850090 0.853052 0.769693 0.840710
14 0.630400 0.840147 0.712433 0.840147 0.712433 0.876606 0.630400 0.876606
10 0.627144 0.772686 0.709644 0.772686 0.709644 0.809353 0.627144 0.809353
9 0.134828 0.819317 0.215060 0.806510 0.227867 0.842169 0.147635 0.854976
3 0.146117 0.410253 0.227094 0.420769 0.216578 0.456759 0.135600 0.446243
