4 0.599485 0.349541 0.681985 0.349541 0.681985 0.386208 0.599485 0.386208
5 0.341316 0.351269 0.423816 0.351269 0.423816 0.387936 0.341316 0.387936
11 0.316273 0.764050 0.398773 0.764050 0.398773 0.800716 0.316273 0.800716
3 0.143763 0.377527 0.239153 0.402071 0.215527 0.444581 0.120135 0.420034
13 0.138182 0.412798 0.229148 0.437540 0.207293 0.478395 0.116329 0.453651
2 0.761890 0.391839 0.865684 0.381424 0.871014 0.426810 0.767220 0.437226
12 0.769118 0.437662 0.867461 0.427711 0.873297 0.470799 0.774955 0.480749
1 0.396592 0.367588 0.646592 0.367588 0.646592 0.478699 0.396592 0.478699
15 0.310903 0.819056 0.393400 0.819581 0.392874 0.856246 0.310378 0.855721
10 0.624288 0.758268 0.702009 0.758138 0.702139 0.792680 0.624418 0.792810
14 0.634916 0.817591 0.717416 0.817591 0.717416 0.854257 0.634916 0.854257
9 0.146067 0.740202 0.223431 0.721097 0.242534 0.755481 0.165171 0.774585
8 0.782758 0.814854 0.864024 0.824330 0.854548 0.860449 0.773281 0.850972
16 0.603502 0.383288 0.686002 0.383288 0.686002 0.419955 0.603502 0.419955
