4 0.599485 0.349541 0.681985 0.349541 0.681985 0.386208 0.599485 0.386208
5 0.341316 0.351269 0.423816 0.351269 0.423816 0.387936 0.341316 0.387936
11 0.326714 0.774935 0.409214 0.774935 0.409214 0.811601 0.326714 0.811601
3 0.185830 0.395323 0.285672 0.410023 0.271906 0.454418 0.172061 0.439716
13 0.173907 0.443477 0.268711 0.460661 0.254470 0.502984 0.159668 0.485798
2 0.761987 0.400690 0.857592 0.371807 0.881278 0.414505 0.785675 0.443390
12 0.785517 0.440933 0.877769 0.416134 0.898349 0.457165 0.806098 0.481962
1 0.404364 0.367588 0.654364 0.367588 0.654364 0.478699 0.404364 0.478699
15 0.321266 0.825964 0.403763 0.826489 0.403237 0.863154 0.320741 0.862629
10 0.647604 0.770358 0.725325 0.770228 0.725455 0.804770 0.647734 0.804900
14 0.658232 0.833135 0.740732 0.833135 0.740732 0.869801 0.658232 0.869801
9 0.154169 0.785431 0.236605 0.787603 0.234433 0.824241 0.151997 0.822069
8 0.764086 0.620918 0.790589 0.673003 0.738504 0.684782 0.712001 0.632697
16 0.598524 0.384948 0.681024 0.384948 0.681024 0.421615 0.598524 0.421615
