4 0.591715 0.370267 0.674215 0.370267 0.674215 0.406934 0.591715 0.406934
5 0.312818 0.368539 0.395318 0.368539 0.395318 0.405206 0.312818 0.405206
11 0.285185 0.804400 0.367685 0.804400 0.367685 0.841066 0.285185 0.841066
13 0.157083 0.458894 0.246950 0.468376 0.240204 0.508293 0.150338 0.498808
2 0.757746 0.397634 0.860342 0.382855 0.869975 0.427924 0.767380 0.442706
12 0.776273 0.445460 0.874205 0.433843 0.881685 0.476818 0.783754 0.488435
1 0.370684 0.415947 0.620684 0.415947 0.620684 0.527058 0.370684 0.527058
15 0.276734 0.853390 0.357044 0.865979 0.344455 0.901672 0.264145 0.889083
8 0.802760 0.798071 0.883156 0.810412 0.870815 0.846144 0.790418 0.833801
14 0.619724 0.864483 0.701757 0.864483 0.701757 0.900942 0.619724 0.900942
10 0.621806 0.807855 0.704306 0.807855 0.704306 0.844522 0.621806 0.844522
9 0.121897 0.802112 0.204397 0.801981 0.204528 0.838648 0.122028 0.838779
3 0.166092 0.415950 0.247394 0.425291 0.238053 0.461425 0.156751 0.452084
16 0.593545 0.401544 0.676045 0.401544 0.676045 0.438211 0.593545 0.438211
