4 0.591713 0.370266 0.674213 0.370266 0.674213 0.406933 0.591713 0.406933
5 0.318000 0.373721 0.400500 0.373721 0.400500 0.410388 0.318000 0.410388
11 0.287775 0.791684 0.370275 0.791684 0.370275 0.828350 0.287775 0.828350
3 0.150103 0.408973 0.248203 0.428194 0.229912 0.471857 0.131810 0.452634
13 0.135957 0.444667 0.230220 0.463126 0.214698 0.505247 0.120437 0.486788
2 0.747582 0.412773 0.846618 0.389592 0.864595 0.433510 0.765560 0.456693
12 0.760409 0.450862 0.854658 0.429661 0.871643 0.471417 0.777395 0.492616
1 0.386229 0.407312 0.636229 0.407312 0.636229 0.518423 0.386229 0.518423
15 0.284996 0.853598 0.367493 0.854123 0.366967 0.890788 0.284471 0.890263
10 0.619106 0.785902 0.696827 0.785772 0.696957 0.820314 0.619236 0.820444
16 0.588283 0.444534 0.670783 0.444534 0.670783 0.481201 0.588283 0.481201
