4 0.591713 0.399627 0.674213 0.399627 0.674213 0.436294 0.591713 0.436294
5 0.333544 0.396174 0.416044 0.396174 0.416044 0.432841 0.333544 0.432841
11 0.303319 0.779907 0.385819 0.779907 0.385819 0.816573 0.303319 0.816573
3 0.160139 0.399120 0.256773 0.421397 0.235420 0.464438 0.138784 0.442158
13 0.141837 0.437717 0.233922 0.460545 0.214000 0.501835 0.121917 0.479007
2 0.747582 0.412773 0.846618 0.389592 0.864595 0.433510 0.765560 0.456693
12 0.760409 0.450862 0.854658 0.429661 0.871643 0.471417 0.777395 0.492616
1 0.386229 0.410766 0.636229 0.410766 0.636229 0.521877 0.386229 0.521877
15 0.303131 0.825598 0.385628 0.826123 0.385102 0.862788 0.302606 0.862263
14 0.647948 0.827745 0.730448 0.827745 0.730448 0.864411 0.647948 0.864411
10 0.644693 0.778820 0.727193 0.778820 0.727193 0.815486 0.644693 0.815486
