4 0.591713 0.373721 0.674213 0.373721 0.674213 0.410388 0.591713 0.410388
5 0.320591 0.371994 0.403091 0.371994 0.403091 0.408661 0.320591 0.408661
11 0.295547 0.784775 0.378047 0.784775 0.378047 0.821441 0.295547 0.821441
3 0.157333 0.400504 0.257175 0.415204 0.243409 0.459599 0.143564 0.444897
13 0.148000 0.452113 0.242804 0.469297 0.228563 0.511620 0.133761 0.494434
2 0.754543 0.396958 0.856479 0.380273 0.867998 0.425145 0.766063 0.441832
12 0.772014 0.449968 0.868293 0.433307 0.880764 0.475765 0.784486 0.492424
1 0.388820 0.388313 0.638820 0.388313 0.638820 0.499424 0.388820 0.499424
15 0.297950 0.851871 0.380447 0.852396 0.379921 0.889061 0.297425 0.888536
10 0.642422 0.791083 0.720143 0.790953 0.720273 0.825495 0.642552 0.825625
14 0.645279 0.846952 0.727779 0.846952 0.727779 0.883618 0.645279 0.883618
9 0.118835 0.785324 0.201320 0.784235 0.202409 0.820894 0.119924 0.821983
8 0.802494 0.785619 0.884956 0.783949 0.886625 0.820599 0.804163 0.822269
16 0.596034 0.409842 0.678534 0.409842 0.678534 0.446509 0.596034 0.446509
