4 0.599485 0.349541 0.681985 0.349541 0.681985 0.386208 0.599485 0.386208
5 0.341316 0.351269 0.423816 0.351269 0.423816 0.387936 0.341316 0.387936
11 0.300729 0.767504 0.383229 0.767504 0.383229 0.804170 0.300729 0.804170
3 0.142636 0.391316 0.243283 0.403335 0.232199 0.448062 0.131549 0.436041
13 0.137370 0.433225 0.233668 0.446198 0.223651 0.489056 0.127352 0.476081
2 0.746935 0.400122 0.849060 0.383960 0.860062 0.428890 0.757937 0.445053
12 0.760370 0.442555 0.858018 0.429923 0.866501 0.472815 0.768854 0.485446
1 0.386229 0.365861 0.636229 0.365861 0.636229 0.476972 0.386229 0.476972
15 0.292769 0.832873 0.375266 0.833398 0.374740 0.870063 0.292244 0.869538
10 0.616517 0.772085 0.694238 0.771955 0.694368 0.806497 0.616647 0.806627
14 0.621962 0.838316 0.704462 0.838316 0.704462 0.874982 0.621962 0.874982
9 0.131059 0.823458 0.209581 0.806584 0.226454 0.841482 0.147932 0.858356
8 0.781091 0.813632 0.854400 0.822181 0.845852 0.854763 0.772542 0.846214
