4 0.596895 0.382356 0.679395 0.382356 0.679395 0.419023 0.596895 0.419023
5 0.310227 0.384083 0.392727 0.384083 0.392727 0.420750 0.310227 0.420750
11 0.295468 0.835177 0.377968 0.835177 0.377968 0.871843 0.295468 0.871843
3 0.134080 0.418188 0.238070 0.426824 0.230390 0.473003 0.126399 0.464366
13 0.133583 0.464213 0.223520 0.473397 0.217073 0.513336 0.127137 0.504150
2 0.724457 0.433278 0.827410 0.419649 0.835908 0.464818 0.732956 0.478450
12 0.740288 0.467496 0.838420 0.456656 0.845132 0.499687 0.747001 0.510527
1 0.375866 0.400405 0.625866 0.400405 0.625866 0.511516 0.375866 0.511516
15 0.292504 0.888402 0.375004 0.888402 0.375004 0.925069 0.292504 0.925069
10 0.632137 0.831225 0.709858 0.831095 0.709988 0.865637 0.632267 0.865767
14 0.633815 0.886187 0.718516 0.886187 0.718516 0.923831 0.633815 0.923831
9 0.155575 0.802005 0.235833 0.789268 0.248570 0.824938 0.168312 0.837675
8 0.762459 0.783656 0.844482 0.789561 0.838578 0.826015 0.756555 0.820111
