4 0.594305 0.397901 0.676805 0.397901 0.676805 0.434568 0.594305 0.434568
5 0.328362 0.396173 0.410862 0.396173 0.410862 0.432840 0.328362 0.432840
11 0.305910 0.805501 0.388410 0.805501 0.388410 0.842167 0.305910 0.842167
3 0.149140 0.418570 0.253276 0.426384 0.246417 0.472621 0.142281 0.464806
13 0.144214 0.467467 0.234048 0.477085 0.227167 0.516992 0.137333 0.507371
2 0.732588 0.443088 0.835835 0.430485 0.843320 0.475735 0.740074 0.488340
12 0.741967 0.489612 0.839382 0.476201 0.848634 0.519022 0.751220 0.532433
1 0.375866 0.433218 0.625866 0.433218 0.625866 0.544329 0.375866 0.544329
15 0.300276 0.864222 0.382776 0.864222 0.382776 0.900889 0.300276 0.900889
8 0.756900 0.807912 0.838146 0.817465 0.828593 0.853574 0.747346 0.844020
14 0.635581 0.866054 0.717614 0.866054 0.717614 0.902513 0.635581 0.902513
10 0.632325 0.810682 0.714825 0.810682 0.714825 0.847349 0.632325 0.847349
9 0.140668 0.797463 0.221550 0.786624 0.232389 0.822572 0.151507 0.833411
16 0.596034 0.428098 0.678534 0.428098 0.678534 0.464764 0.596034 0.464764
