4 0.568398 0.351269 0.650898 0.351269 0.650898 0.387936 0.568398 0.387936
5 0.323181 0.356450 0.405681 0.356450 0.405681 0.393117 0.323181 0.393117
11 0.313682 0.803774 0.396182 0.803774 0.396182 0.840440 0.313682 0.840440
3 0.157603 0.414417 0.260521 0.427576 0.248319 0.473320 0.145400 0.460160
13 0.156894 0.457207 0.245694 0.470423 0.235212 0.509980 0.146413 0.496762
2 0.724456 0.384919 0.827409 0.371290 0.835907 0.416459 0.732955 0.430091
12 0.740198 0.431356 0.838269 0.420273 0.845221 0.463287 0.747151 0.474371
1 0.362913 0.379678 0.612913 0.379678 0.612913 0.490789 0.362913 0.490789
15 0.315820 0.840043 0.398320 0.840043 0.398320 0.876710 0.315820 0.876710
8 0.746016 0.774033 0.828260 0.778361 0.823932 0.814913 0.741688 0.810584
14 0.624497 0.844841 0.703421 0.829927 0.718336 0.865004 0.639412 0.879918
10 0.614089 0.806376 0.689539 0.793942 0.701973 0.827475 0.626523 0.839909
9 0.175542 0.800857 0.257244 0.793227 0.264874 0.829540 0.183171 0.837170
