4 0.594304 0.408263 0.676804 0.408263 0.676804 0.444930 0.594304 0.444930
5 0.299865 0.408263 0.382365 0.408263 0.382365 0.444930 0.299865 0.444930
11 0.272387 0.862810 0.354887 0.862810 0.354887 0.899476 0.272387 0.899476
3 0.123924 0.416144 0.226842 0.429303 0.214640 0.475047 0.111721 0.461887
13 0.118034 0.462388 0.206834 0.475604 0.196352 0.515161 0.107553 0.501943
2 0.745182 0.433278 0.848135 0.419649 0.856633 0.464818 0.753681 0.478450
12 0.757395 0.477711 0.854701 0.463955 0.864294 0.506743 0.766989 0.520499
1 0.368094 0.436674 0.618094 0.436674 0.618094 0.547785 0.368094 0.547785
15 0.266597 0.919490 0.349097 0.919490 0.349097 0.956157 0.266597 0.956157
10 0.634571 0.864040 0.712292 0.863910 0.712422 0.898452 0.634701 0.898582
6 0.561679 0.334433 0.588345 0.282386 0.640393 0.294237 0.613727 0.346285
7 0.386228 0.281338 0.428029 0.328754 0.380612 0.347333 0.338809 0.299916
14 0.640097 0.919491 0.722597 0.919491 0.722597 0.956157 0.640097 0.956157
16 0.593545 0.433076 0.676045 0.433076 0.676045 0.469743 0.593545 0.469743
