4 0.620210 0.349541 0.702710 0.349541 0.702710 0.386208 0.620210 0.386208
5 0.341316 0.351269 0.423816 0.351269 0.423816 0.387936 0.341316 0.387936
11 0.318864 0.786502 0.401364 0.786502 0.401364 0.823168 0.318864 0.823168
3 0.167006 0.390201 0.262957 0.413753 0.240326 0.456503 0.144372 0.432949
13 0.148271 0.437642 0.240020 0.461065 0.219496 0.502224 0.127749 0.478800
2 0.761582 0.420334 0.862880 0.402002 0.876032 0.446674 0.774736 0.465008
12 0.775229 0.460342 0.872470 0.446386 0.882261 0.489155 0.785021 0.503109
1 0.401774 0.390041 0.651774 0.390041 0.651774 0.501152 0.401774 0.501152
15 0.308313 0.848416 0.390810 0.848941 0.390284 0.885606 0.307788 0.885081
10 0.629470 0.778994 0.707191 0.778864 0.707321 0.813406 0.629600 0.813536
14 0.632325 0.845224 0.714825 0.845224 0.714825 0.881890 0.632325 0.881890
9 0.114367 0.783915 0.196765 0.781178 0.199502 0.817799 0.117103 0.820536
8 0.787096 0.782255 0.869595 0.782483 0.869369 0.819149 0.786868 0.818923
