4 0.596896 0.363359 0.679396 0.363359 0.679396 0.400026 0.596896 0.400026
5 0.325771 0.363358 0.408271 0.363358 0.408271 0.400025 0.325771 0.400025
11 0.311562 0.796444 0.394062 0.796444 0.394062 0.833110 0.311562 0.833110
13 0.111979 0.447486 0.199857 0.463205 0.186862 0.502429 0.098986 0.486707
2 0.770699 0.418359 0.873295 0.403580 0.882928 0.448649 0.780333 0.463431
12 0.788058 0.459427 0.884934 0.444379 0.895807 0.487030 0.798933 0.502078
1 0.378456 0.386586 0.628456 0.386586 0.628456 0.497697 0.378456 0.497697
15 0.304021 0.827280 0.386433 0.829814 0.383900 0.866441 0.301487 0.863908
8 0.794476 0.767474 0.873706 0.782806 0.858373 0.818020 0.779143 0.802685
14 0.649175 0.829130 0.730973 0.824993 0.735109 0.861348 0.653311 0.865484
10 0.633592 0.787269 0.715049 0.778553 0.723765 0.814757 0.642307 0.823473
9 0.152165 0.794972 0.231339 0.779511 0.246799 0.814700 0.167625 0.830160
3 0.127273 0.410777 0.207310 0.424117 0.193970 0.459689 0.113934 0.446349
