1 0.392919 0.464594 0.610967 0.464594 0.606649 0.564767 0.397237 0.557858
2 0.723230 0.459413 0.727548 0.485320 0.785838 0.473230 0.777202 0.442142
12 0.725389 0.507772 0.727548 0.540587 0.790156 0.528498 0.787997 0.493955
3 0.300086 0.473230 0.243955 0.457686 0.239637 0.487047 0.289291 0.500863
13 0.287133 0.519862 0.278497 0.547495 0.226683 0.537133 0.235319 0.504318
11 0.302246 0.886010 0.302246 0.915371 0.367013 0.915371 0.367013 0.882556
9 0.189983 0.887737 0.185665 0.911918 0.248273 0.905009 0.248273 0.879101
8 0.756998 0.888414 0.749159 0.902831 0.814757 0.919906 0.824595 0.901975
4 0.585060 0.426598 0.582902 0.454231 0.660622 0.459413 0.654145 0.424870
11 0.617444 0.886010 0.619603 0.915371 0.701641 0.911917 0.697323 0.879102
