4 0.552182 0.398482 0.555028 0.426945 0.660342 0.426945 0.651803 0.398482
5 0.310247 0.402277 0.310247 0.426945 0.415560 0.428843 0.409867 0.398482
1 0.370019 0.417458 0.614801 0.415560 0.617647 0.504744 0.372865 0.502847
11 0.276091 0.829222 0.276091 0.859582 0.361480 0.859582 0.361480 0.827324
10 0.646110 0.827324 0.648956 0.855788 0.740038 0.855788 0.740038 0.821632
2 0.714421 0.428843 0.722960 0.461101 0.779886 0.445921 0.774193 0.413663
3 0.202088 0.419355 0.261860 0.432638 0.253321 0.470589 0.199241 0.457305
13 0.253321 0.518027 0.253321 0.483871 0.196395 0.466794 0.193549 0.504744
9 0.174031 0.821871 0.182898 0.843132 0.238888 0.832906 0.235302 0.807595
8 0.771347 0.863378 0.762808 0.840607 0.808349 0.840607 0.814042 0.865275
12 0.791271 0.468691 0.728653 0.483871 0.728653 0.512334 0.791271 0.500949
