4 0.552182 0.398482 0.555028 0.426945 0.660342 0.426945 0.651803 0.398482
5 0.310247 0.402277 0.310247 0.426945 0.415560 0.428843 0.409867 0.398482
1 0.350095 0.432638 0.594877 0.430740 0.597723 0.519924 0.352941 0.518027
11 0.287476 0.802657 0.284630 0.831119 0.370019 0.831119 0.372865 0.800759
10 0.646110 0.808349 0.648956 0.834915 0.740038 0.834915 0.740038 0.802657
2 0.691651 0.436433 0.700190 0.468691 0.757116 0.461101 0.751423 0.428843
12 0.691651 0.493359 0.703036 0.525617 0.762808 0.518027 0.757116 0.489564
3 0.167932 0.404175 0.224858 0.423150 0.216319 0.461101 0.165085 0.442125
13 0.219165 0.504744 0.219165 0.470588 0.162239 0.464896 0.159393 0.502846
9 0.176471 0.814042 0.185009 0.831120 0.241935 0.823529 0.239089 0.802657
8 0.777040 0.817837 0.779886 0.844402 0.839658 0.850095 0.831120 0.817837
