4 0.624352 0.284974 0.629534 0.316062 0.727979 0.314335 0.725389 0.279793
5 0.246114 0.284974 0.248705 0.324698 0.375648 0.322971 0.373057 0.286701
9 0.051813 0.796200 0.054404 0.830743 0.165803 0.827288 0.160622 0.792746
9 0.847150 0.784111 0.839378 0.822107 0.943005 0.827288 0.943005 0.797927
2 0.823834 0.347150 0.847150 0.381693 0.919689 0.359240 0.904145 0.317789
12 0.862694 0.407599 0.870466 0.442142 0.948187 0.416235 0.935233 0.383420
3 0.090674 0.319516 0.173575 0.362694 0.145078 0.386874 0.080311 0.355786
13 0.067358 0.378238 0.150259 0.412781 0.134715 0.445596 0.059585 0.419689
11 0.240933 0.718480 0.240933 0.749568 0.360104 0.758204 0.357513 0.718480
10 0.655440 0.715026 0.655440 0.749568 0.774611 0.746114 0.766839 0.721934
