4 0.577720 0.395509 0.577720 0.423143 0.678756 0.426598 0.686528 0.400691
5 0.308290 0.402418 0.310881 0.428325 0.430052 0.426598 0.427461 0.395509
2 0.735751 0.457686 0.738342 0.480138 0.792746 0.468048 0.792746 0.443869
12 0.727979 0.500864 0.725389 0.521589 0.787565 0.514680 0.787565 0.485320
3 0.189119 0.423143 0.248705 0.438687 0.243523 0.471503 0.183938 0.450777
13 0.176166 0.478411 0.173575 0.512953 0.240933 0.519862 0.251295 0.492228
9 0.196891 0.803109 0.199482 0.834197 0.269430 0.830743 0.261658 0.796200
8 0.761658 0.792746 0.769430 0.822107 0.836788 0.818653 0.836788 0.791019
14 0.639896 0.816926 0.637306 0.844560 0.738342 0.842832 0.735751 0.815199
15 0.300518 0.816926 0.300518 0.846287 0.406736 0.848014 0.404145 0.820380
7 0.406736 0.272884 0.432642 0.300518 0.445596 0.276339 0.427461 0.252159
6 0.575130 0.295337 0.590674 0.310881 0.603627 0.283247 0.577720 0.259067
