7 0.358634 0.252372 0.404175 0.292220 0.421252 0.265655 0.372865 0.231499
6 0.526565 0.269450 0.543643 0.288425 0.569260 0.252372 0.540797 0.231499
16 0.557875 0.426945 0.555028 0.461101 0.671727 0.457306 0.671727 0.425047
9 0.176471 0.785579 0.182163 0.825427 0.244782 0.825427 0.239089 0.785579
8 0.722960 0.683112 0.708729 0.713472 0.771347 0.730550 0.785579 0.690702
3 0.150854 0.404175 0.227704 0.421252 0.210626 0.453510 0.153700 0.436433
13 0.142315 0.455408 0.210626 0.468691 0.207780 0.500949 0.145161 0.491461
2 0.728653 0.404175 0.745731 0.440228 0.802657 0.411765 0.791271 0.375712
12 0.751423 0.466793 0.814042 0.451613 0.808349 0.417457 0.742884 0.430740
4 0.549336 0.352941 0.549336 0.377609 0.666034 0.379507 0.666034 0.347249
5 0.264706 0.354839 0.264706 0.377609 0.384250 0.379507 0.384250 0.351044
