4 0.608808 0.265976 0.608808 0.297064 0.725389 0.297064 0.720207 0.267703
5 0.282383 0.267703 0.279793 0.298791 0.388601 0.300518 0.378238 0.265976
2 0.782383 0.324698 0.795337 0.347150 0.860104 0.326425 0.844560 0.302245
12 0.805699 0.367876 0.797927 0.395509 0.870466 0.374784 0.870466 0.343696
3 0.158031 0.293610 0.222798 0.317789 0.204663 0.347150 0.150259 0.329879
13 0.139896 0.348877 0.126943 0.381693 0.204663 0.395509 0.212435 0.367876
9 0.111399 0.701209 0.113990 0.737478 0.207254 0.735751 0.199482 0.702936
8 0.805699 0.692573 0.800518 0.730570 0.891192 0.730570 0.896373 0.692573
10 0.639896 0.744387 0.639896 0.772021 0.730570 0.777202 0.727979 0.747841
11 0.259067 0.739206 0.259067 0.770294 0.378238 0.773748 0.370466 0.744387
1 0.370466 0.336788 0.365285 0.424870 0.673575 0.423143 0.660622 0.340242
