6 0.585492 0.290155 0.595855 0.326425 0.626943 0.335060 0.611399 0.303972
7 0.383420 0.302245 0.362694 0.336788 0.401554 0.319516 0.414508 0.284974
9 0.186528 0.759931 0.170984 0.810017 0.230570 0.822107 0.248705 0.768566
8 0.725389 0.664940 0.735751 0.689119 0.784974 0.702936 0.787565 0.671848
4 0.556995 0.392055 0.556995 0.417962 0.668394 0.419689 0.668394 0.388601
5 0.331606 0.398964 0.334197 0.426598 0.432642 0.428325 0.432642 0.398964
2 0.712435 0.440415 0.722798 0.461140 0.769430 0.454231 0.772021 0.428325
12 0.722798 0.476684 0.730570 0.495682 0.784974 0.487047 0.777202 0.464594
3 0.235751 0.438687 0.292746 0.457686 0.284974 0.480138 0.225389 0.464594
13 0.230570 0.481865 0.225389 0.507772 0.290155 0.521589 0.292746 0.499136
14 0.590674 0.685665 0.590674 0.709845 0.683938 0.706390 0.678756 0.682211
14 0.318653 0.677029 0.310881 0.704663 0.409326 0.715026 0.404145 0.687392
