4 0.629534 0.284974 0.626943 0.317789 0.735751 0.319516 0.730570 0.281520
5 0.259067 0.290155 0.253886 0.326425 0.388601 0.321244 0.383420 0.288428
2 0.829016 0.336788 0.847150 0.360967 0.914508 0.345423 0.898964 0.312608
12 0.857513 0.383420 0.870466 0.411054 0.935233 0.393782 0.922280 0.360967
3 0.116580 0.309154 0.181347 0.343696 0.168394 0.369603 0.095855 0.347150
13 0.163212 0.392055 0.093264 0.369603 0.077720 0.398964 0.150259 0.419689
9 0.077720 0.811744 0.080311 0.846287 0.189119 0.839378 0.191710 0.806563
8 0.818653 0.813472 0.813472 0.842832 0.922280 0.848014 0.930052 0.818653
10 0.639896 0.761658 0.642487 0.791019 0.756477 0.794473 0.753886 0.758204
11 0.253886 0.756477 0.248705 0.785838 0.370466 0.792746 0.370466 0.756477
1 0.318653 0.366149 0.316062 0.521589 0.689119 0.528497 0.681347 0.359240
