4 0.595855 0.393782 0.590674 0.428325 0.691710 0.431779 0.686528 0.395509
5 0.313472 0.395509 0.310881 0.424870 0.414508 0.424870 0.411917 0.390328
3 0.199482 0.388601 0.181347 0.419689 0.240933 0.428325 0.248705 0.407599
13 0.165803 0.468048 0.178756 0.438687 0.251295 0.462867 0.238342 0.487047
2 0.746114 0.438687 0.782383 0.417962 0.782383 0.452504 0.756477 0.464594
12 0.740933 0.481865 0.746114 0.504318 0.790155 0.487047 0.784974 0.454231
10 0.603627 0.754750 0.598446 0.782383 0.725389 0.778929 0.717617 0.753022
11 0.344560 0.747841 0.336788 0.780656 0.443005 0.784111 0.448187 0.749568
14 0.632124 0.827288 0.634715 0.860104 0.727979 0.860104 0.725389 0.823834
15 0.279793 0.832470 0.272021 0.861831 0.386010 0.863558 0.386010 0.839378
8 0.735751 0.692573 0.738342 0.716753 0.800518 0.718480 0.800518 0.692573
9 0.150259 0.604491 0.165803 0.626943 0.248705 0.592401 0.230570 0.575130
7 0.411917 0.252159 0.401554 0.303972 0.432642 0.317789 0.430052 0.276339
6 0.603627 0.278066 0.652850 0.314335 0.676166 0.305699 0.613990 0.259067
