7 0.354922 0.132988 0.409326 0.202073 0.443005 0.177893 0.393782 0.115717
6 0.541451 0.184801 0.562176 0.208981 0.626943 0.138169 0.585492 0.120898
9 0.059585 0.737478 0.064767 0.775475 0.173575 0.775475 0.168394 0.735751
8 0.823834 0.739206 0.816062 0.780656 0.924870 0.782383 0.922280 0.740933
2 0.792746 0.317789 0.810881 0.347150 0.880829 0.317789 0.860104 0.278066
12 0.821244 0.366149 0.839378 0.393782 0.911917 0.367876 0.893782 0.336788
3 0.132124 0.271157 0.113990 0.314335 0.183938 0.341969 0.196891 0.305699
13 0.103627 0.333333 0.085492 0.360967 0.176166 0.390328 0.189119 0.354059
4 0.590674 0.262522 0.593264 0.298791 0.709845 0.297064 0.702073 0.262522
5 0.274611 0.264249 0.277202 0.298791 0.411917 0.298791 0.406736 0.262522
11 0.253886 0.751295 0.251295 0.785838 0.378238 0.784111 0.370466 0.754750
10 0.616580 0.751295 0.616580 0.787565 0.735751 0.789292 0.730570 0.749568
