8 0.707254 0.804836 0.699482 0.841105 0.764249 0.849741 0.772021 0.811744
11 0.248705 0.808290 0.243523 0.837651 0.339378 0.834197 0.339378 0.806563
11 0.572539 0.803109 0.554404 0.835924 0.665803 0.839378 0.650259 0.810017
4 0.601036 0.397237 0.595855 0.421416 0.678756 0.423143 0.683938 0.400691
5 0.313472 0.400691 0.310881 0.431779 0.393782 0.424870 0.396373 0.400691
2 0.720207 0.442142 0.715026 0.471503 0.774611 0.461140 0.774611 0.428325
12 0.717617 0.499136 0.715026 0.528497 0.779793 0.516408 0.779793 0.485320
3 0.240933 0.449050 0.282383 0.474957 0.277202 0.507772 0.243523 0.492228
1 0.411917 0.455959 0.411917 0.511226 0.590674 0.523316 0.598446 0.461140
9 0.165803 0.815199 0.152850 0.848014 0.202073 0.856649 0.209845 0.829016
