4 0.543643 0.377609 0.537951 0.409867 0.643264 0.417457 0.651803 0.385199
5 0.298861 0.409867 0.301708 0.434535 0.387097 0.423150 0.381404 0.400380
2 0.731499 0.409867 0.742884 0.447818 0.819734 0.442125 0.802657 0.398482
12 0.762808 0.491461 0.836812 0.483871 0.831120 0.442125 0.748577 0.451613
3 0.256167 0.489564 0.222011 0.478178 0.222011 0.442125 0.253321 0.447818
13 0.256167 0.529412 0.216319 0.523719 0.224858 0.478178 0.264706 0.491461
1 0.367173 0.499051 0.577799 0.499051 0.572106 0.415560 0.381404 0.417457
9 0.133776 0.825427 0.227704 0.846300 0.210626 0.869070 0.133776 0.863378
9 0.751423 0.796964 0.737192 0.823529 0.822581 0.842505 0.836812 0.814042
10 0.597723 0.776091 0.597723 0.806452 0.688805 0.814042 0.691651 0.776091
11 0.290323 0.768501 0.281784 0.796964 0.361480 0.802657 0.381404 0.768501
15 0.298861 0.833017 0.298861 0.865275 0.392789 0.865275 0.398482 0.831120
