16 0.526565 0.409867 0.518027 0.457306 0.660342 0.459203 0.663188 0.415560
4 0.540797 0.322581 0.532258 0.349146 0.671727 0.356736 0.680266 0.328273
5 0.284630 0.318786 0.278937 0.349146 0.392789 0.351044 0.395636 0.322581
6 0.529412 0.229602 0.580645 0.246679 0.631879 0.185958 0.586338 0.168880
7 0.381404 0.244782 0.409867 0.231499 0.392789 0.185958 0.361480 0.197343
2 0.779886 0.356736 0.788425 0.388994 0.865275 0.373814 0.851044 0.332068
12 0.802657 0.434535 0.870968 0.423150 0.870968 0.385199 0.799810 0.398482
3 0.222011 0.375712 0.176471 0.360531 0.185009 0.324478 0.224858 0.343454
13 0.222011 0.421252 0.162239 0.402277 0.162239 0.368121 0.222011 0.383302
1 0.338710 0.385199 0.344402 0.512334 0.603416 0.529412 0.594877 0.396584
10 0.560721 0.774194 0.555028 0.804554 0.660342 0.804554 0.657495 0.776091
11 0.296015 0.755218 0.287476 0.783681 0.398482 0.791271 0.395636 0.760911
