6 0.557875 0.309298 0.617647 0.326376 0.629032 0.275142 0.594877 0.259962
7 0.389943 0.320683 0.358634 0.286528 0.375712 0.271347 0.429791 0.303605
2 0.757116 0.411765 0.765655 0.434535 0.836812 0.417457 0.819734 0.388994
12 0.777040 0.483871 0.848197 0.466793 0.833966 0.432638 0.762808 0.444023
3 0.222011 0.455408 0.167932 0.432638 0.173624 0.400380 0.222011 0.421252
13 0.213472 0.493359 0.159393 0.470588 0.159393 0.444023 0.216319 0.461101
16 0.566414 0.447818 0.566414 0.491461 0.703036 0.493359 0.700190 0.451613
4 0.569260 0.379507 0.572106 0.404175 0.677419 0.406072 0.674573 0.383302
5 0.301708 0.383302 0.307400 0.413662 0.418406 0.409867 0.412713 0.377609
1 0.338710 0.445920 0.344402 0.533207 0.657495 0.538899 0.634725 0.432638
11 0.287476 0.802657 0.278937 0.833017 0.375712 0.834915 0.375712 0.802657
10 0.594877 0.808349 0.594877 0.831120 0.708729 0.829222 0.703036 0.804554
