6 0.512334 0.277040 0.560721 0.297913 0.617647 0.244782 0.583491 0.218216
2 0.714421 0.337761 0.728653 0.362429 0.785579 0.349146 0.774194 0.316888
12 0.740038 0.388994 0.799810 0.377609 0.791271 0.345351 0.731499 0.358634
3 0.259013 0.370019 0.227704 0.352941 0.236243 0.324478 0.264706 0.349146
13 0.250474 0.404175 0.216319 0.385199 0.227704 0.360531 0.259013 0.375712
4 0.540797 0.347249 0.537951 0.375712 0.614801 0.371917 0.611954 0.345351
5 0.384250 0.370019 0.313093 0.370019 0.310247 0.345351 0.375712 0.349146
1 0.580645 0.459203 0.330171 0.453510 0.352941 0.370019 0.574953 0.366224
14 0.529412 0.673624 0.526565 0.702087 0.617647 0.694497 0.609108 0.666034
15 0.321632 0.681214 0.259013 0.654649 0.278937 0.628083 0.321632 0.654649
