9 0.256477 0.582038 0.316062 0.599309 0.373057 0.552677 0.326425 0.518135
8 0.826425 0.687392 0.836788 0.730570 0.932642 0.735751 0.943005 0.690846
4 0.613990 0.310881 0.611399 0.350604 0.743523 0.354059 0.733161 0.319516
5 0.297927 0.322971 0.300518 0.357513 0.432642 0.359240 0.432642 0.319516
10 0.603627 0.644214 0.606218 0.687392 0.740933 0.687392 0.743523 0.652850
11 0.305699 0.651123 0.303109 0.685665 0.435233 0.685665 0.435233 0.649396
3 0.142487 0.379965 0.082902 0.340242 0.121762 0.314335 0.168394 0.350604
13 0.103627 0.400691 0.044041 0.366149 0.072539 0.345423 0.137306 0.379965
2 0.831606 0.354059 0.883420 0.329879 0.924870 0.369603 0.857513 0.388601
12 0.875648 0.428325 0.937824 0.417962 0.919689 0.373057 0.865285 0.386874
1 0.380829 0.455959 0.665803 0.459413 0.658031 0.366149 0.386010 0.360967
