7 0.414406 0.323476 0.376730 0.281506 0.406234 0.261260 0.434754 0.299562
2 0.756477 0.452504 0.766839 0.480138 0.849741 0.457686 0.829016 0.426598
12 0.769430 0.493955 0.782383 0.519862 0.867876 0.497409 0.852332 0.471503
3 0.233161 0.428325 0.217617 0.459413 0.158031 0.428325 0.176166 0.390328
13 0.215026 0.478411 0.199482 0.507772 0.134715 0.481865 0.145078 0.449050
5 0.284974 0.385147 0.290155 0.412781 0.417098 0.411054 0.411917 0.378238
16 0.554404 0.492228 0.554404 0.537133 0.673575 0.538860 0.681347 0.493955
11 0.290155 0.830743 0.290155 0.854922 0.406736 0.861831 0.404145 0.832470
10 0.624352 0.829016 0.632124 0.858377 0.720207 0.849741 0.717617 0.822107
6 0.538860 0.303972 0.562176 0.322971 0.606218 0.288428 0.585492 0.269430
4 0.580311 0.381693 0.577720 0.407599 0.676166 0.409326 0.668394 0.379965
