2 0.701954 0.458458 0.704299 0.487247 0.769796 0.473344 0.758321 0.439328
12 0.708981 0.509499 0.708981 0.544042 0.772885 0.525043 0.770294 0.490501
3 0.269605 0.452074 0.261684 0.484952 0.200146 0.459977 0.208980 0.419923
13 0.270763 0.498813 0.259508 0.529401 0.191470 0.509575 0.197085 0.476028
5 0.310881 0.381693 0.316062 0.409327 0.417098 0.411054 0.411917 0.378238
16 0.530656 0.493955 0.530656 0.538860 0.619603 0.540587 0.627375 0.495682
10 0.576856 0.816926 0.578152 0.844560 0.666235 0.835924 0.670121 0.810017
6 0.519430 0.297064 0.525475 0.328152 0.569517 0.293609 0.566062 0.262522
4 0.545769 0.388601 0.545337 0.412780 0.643783 0.414507 0.633852 0.386873
11 0.332470 0.810017 0.330311 0.835924 0.416667 0.841105 0.414508 0.810017
7 0.436097 0.321244 0.397237 0.291883 0.412349 0.269430 0.457686 0.293610
