16 0.572539 0.407599 0.577720 0.450777 0.702073 0.450777 0.694301 0.405872
4 0.582902 0.321244 0.585492 0.352332 0.673575 0.352332 0.673575 0.322971
5 0.305699 0.322971 0.310881 0.357513 0.393782 0.352332 0.386010 0.317789
12 0.961140 0.369603 0.904145 0.405872 0.865285 0.388601 0.917098 0.345423
2 0.911917 0.328152 0.844560 0.373057 0.810881 0.343696 0.867876 0.309154
13 0.025907 0.385147 0.082902 0.414508 0.113990 0.393782 0.062176 0.360967
3 0.075130 0.345423 0.132124 0.378238 0.168394 0.355786 0.106218 0.312608
1 0.354922 0.328152 0.352332 0.443869 0.629534 0.438687 0.626943 0.319516
11 0.261658 0.751295 0.261658 0.785838 0.357513 0.787565 0.357513 0.747841
10 0.616580 0.744387 0.621762 0.782383 0.715026 0.784111 0.715026 0.740933
