1 0.387495 0.351138 0.599590 0.347514 0.607112 0.451311 0.384649 0.454936
2 0.840303 0.419860 0.759948 0.430223 0.761522 0.460458 0.844470 0.446641
3 0.185058 0.428472 0.174943 0.455595 0.231207 0.471139 0.251690 0.442289
4 0.664648 0.368240 0.669832 0.406236 0.579108 0.406236 0.576516 0.366513
5 0.304853 0.371864 0.299669 0.411587 0.398169 0.413315 0.398169 0.368410
10 0.604217 0.781214 0.604217 0.815756 0.697533 0.814029 0.697533 0.776032
11 0.272935 0.780168 0.272935 0.814710 0.358474 0.819892 0.361066 0.778441
13 0.162239 0.464896 0.150853 0.497154 0.219165 0.516129 0.224858 0.480076
16 0.563568 0.476281 0.566413 0.447818 0.668880 0.445920 0.668881 0.478178
12 0.856736 0.487666 0.785579 0.499051 0.768501 0.472486 0.842505 0.457306
