4 0.609108 0.324478 0.609108 0.358634 0.708728 0.356736 0.703036 0.322581
16 0.592030 0.396585 0.597723 0.445920 0.700189 0.442125 0.691651 0.392790
2 0.873814 0.309298 0.816888 0.360532 0.851044 0.383302 0.922201 0.333966
12 0.927894 0.345351 0.862429 0.394687 0.890892 0.421252 0.956357 0.373814
13 0.019924 0.390891 0.082542 0.423149 0.111005 0.402276 0.051233 0.360531
3 0.068311 0.354839 0.128083 0.392789 0.156546 0.366224 0.093928 0.320683
10 0.640418 0.762809 0.634725 0.800759 0.734346 0.802657 0.734346 0.764706
11 0.267552 0.766603 0.352941 0.766603 0.347249 0.804553 0.259013 0.806451
1 0.347248 0.284630 0.350094 0.419354 0.643263 0.417457 0.631878 0.278937
5 0.270399 0.328273 0.256167 0.364326 0.370019 0.364326 0.372866 0.324478
