2 0.723457 0.439875 0.718818 0.468485 0.786437 0.464948 0.783378 0.429801
12 0.726252 0.495682 0.726252 0.530225 0.790156 0.511226 0.787565 0.476684
3 0.286876 0.448620 0.278955 0.481498 0.217417 0.456523 0.226251 0.416469
13 0.288034 0.500540 0.276779 0.531128 0.208741 0.511302 0.214356 0.477755
16 0.556563 0.485319 0.556563 0.525043 0.641192 0.523316 0.648964 0.483592
10 0.587650 0.835924 0.588946 0.863558 0.677029 0.854922 0.680915 0.829015
6 0.547496 0.295337 0.564335 0.321244 0.608377 0.286701 0.594128 0.260795
4 0.565199 0.378238 0.556131 0.402417 0.654577 0.404144 0.653282 0.376510
11 0.351900 0.842832 0.343264 0.863558 0.429620 0.868739 0.433938 0.842832
7 0.440729 0.317272 0.414416 0.280051 0.434972 0.255252 0.469383 0.289050
5 0.431779 0.379965 0.433938 0.405872 0.334629 0.409326 0.328152 0.379965
9 0.196459 0.797927 0.200777 0.837651 0.267703 0.835924 0.263385 0.791019
8 0.727547 0.816926 0.723230 0.865285 0.803109 0.873921 0.809585 0.820380
