4 0.576425 0.411054 0.576425 0.436960 0.654145 0.438687 0.651986 0.409326
1 0.392919 0.464594 0.610967 0.464594 0.606649 0.564767 0.397237 0.557858
2 0.716753 0.464594 0.721071 0.490501 0.779361 0.478411 0.770725 0.447323
12 0.721071 0.511226 0.723230 0.544041 0.785838 0.531952 0.783679 0.497409
3 0.289292 0.471503 0.233161 0.455959 0.228843 0.485320 0.278497 0.499136
13 0.276339 0.516408 0.267703 0.544041 0.215889 0.533679 0.224525 0.500864
11 0.293610 0.868739 0.293610 0.898100 0.358377 0.898100 0.358377 0.865285
10 0.598014 0.868739 0.598014 0.894646 0.677893 0.894646 0.677893 0.865285
9 0.187824 0.880829 0.187824 0.903282 0.250432 0.896373 0.246114 0.872193
8 0.736183 0.887737 0.731865 0.910190 0.796632 0.929188 0.803109 0.903282
