4 0.599422 0.374067 0.687856 0.371301 0.691602 0.396203 0.603167 0.398969
1 0.412645 0.438224 0.680502 0.422780 0.680502 0.517375 0.412645 0.532819
7 0.431950 0.237452 0.530888 0.277992 0.530888 0.310811 0.431950 0.270270
6 0.546632 0.291084 0.582634 0.264452 0.594777 0.293858 0.558775 0.320490
2 0.223666 0.384220 0.333598 0.429936 0.316875 0.472923 0.206943 0.427207
12 0.202703 0.461390 0.323359 0.500000 0.316120 0.536680 0.195463 0.498069
11 0.591216 0.864865 0.694981 0.864865 0.694981 0.903475 0.591216 0.903475
10 0.347490 0.864865 0.472973 0.864865 0.472973 0.899614 0.347490 0.899614
8 0.232029 0.898940 0.332098 0.866364 0.349535 0.900287 0.249466 0.932864
9 0.743679 0.881961 0.821921 0.899289 0.810376 0.930781 0.732133 0.913453
3 0.709086 0.457167 0.750390 0.435544 0.760508 0.469474 0.719205 0.491097
12 0.705739 0.518807 0.762811 0.488589 0.768682 0.517872 0.711610 0.548090
