4 0.557432 0.411197 0.670849 0.411197 0.670849 0.444015 0.557432 0.444015
5 0.345077 0.411197 0.468147 0.411197 0.468147 0.447876 0.345077 0.447876
2 0.709341 0.455751 0.782779 0.444357 0.789212 0.470890 0.715773 0.482284
12 0.703502 0.518617 0.780488 0.504092 0.792637 0.535437 0.715651 0.549962
3 0.245065 0.437902 0.317067 0.458788 0.305128 0.492600 0.233126 0.471714
13 0.238356 0.488191 0.314724 0.509742 0.302185 0.544628 0.225817 0.523077
11 0.308880 0.864865 0.422297 0.864865 0.417471 0.903475 0.304054 0.903475
10 0.583977 0.868726 0.697394 0.868726 0.697394 0.905405 0.583977 0.905405
6 0.564411 0.340025 0.548316 0.332072 0.576998 0.279667 0.593093 0.287618
7 0.395874 0.292007 0.413114 0.273762 0.439068 0.325754 0.421828 0.343998
1 0.390927 0.447876 0.622587 0.447876 0.622587 0.536680 0.390927 0.536680
8 0.757356 0.859829 0.822029 0.876480 0.816003 0.912372 0.751330 0.895721
9 0.181280 0.863197 0.248112 0.855244 0.253083 0.881977 0.186251 0.889930
