4 0.512549 0.449807 0.642857 0.449807 0.642857 0.488417 0.512549 0.488417
5 0.275097 0.451738 0.431467 0.451738 0.431467 0.496139 0.275097 0.496139
1 0.359074 0.426641 0.619691 0.426641 0.619691 0.536680 0.359074 0.536680
11 0.283784 0.795367 0.428571 0.795367 0.428571 0.833977 0.283784 0.833977
13 0.163290 0.495281 0.253634 0.514552 0.253698 0.554912 0.163355 0.535641
12 0.662470 0.515863 0.756091 0.491078 0.759345 0.526609 0.665724 0.551393
3 0.165057 0.434363 0.260617 0.463320 0.260617 0.498070 0.165057 0.469112
2 0.663127 0.469111 0.758687 0.440154 0.758687 0.476833 0.663127 0.505791
15 0.285377 0.847103 0.426521 0.859500 0.424083 0.892279 0.282939 0.879882
14 0.608109 0.851352 0.750000 0.851352 0.750000 0.888031 0.608109 0.888031
8 0.824361 0.809512 0.779572 0.805720 0.776991 0.837206 0.821779 0.840999
10 0.608108 0.793436 0.764479 0.793436 0.764479 0.832046 0.608108 0.832046
13 0.167954 0.799228 0.249035 0.799228 0.249035 0.826255 0.167954 0.826255
