4 0.544402 0.444015 0.674710 0.444015 0.674710 0.482625 0.544402 0.482625
5 0.306950 0.438224 0.463320 0.438224 0.463320 0.482625 0.306950 0.482625
1 0.367761 0.418919 0.628378 0.418919 0.628378 0.528958 0.367761 0.528958
11 0.272201 0.774131 0.416988 0.774131 0.416988 0.812741 0.272201 0.812741
9 0.170849 0.818533 0.240347 0.818533 0.240347 0.847490 0.170849 0.847490
13 0.183560 0.499142 0.273904 0.518413 0.268177 0.558773 0.177834 0.539502
12 0.703668 0.517375 0.796332 0.496139 0.807915 0.530888 0.715251 0.552124
3 0.182432 0.442085 0.277992 0.471042 0.277992 0.505792 0.182432 0.476834
2 0.700772 0.471042 0.796332 0.442085 0.796332 0.478764 0.700772 0.507722
15 0.280888 0.832046 0.414093 0.832046 0.414093 0.864865 0.280888 0.864865
14 0.579151 0.822394 0.721042 0.822394 0.721042 0.859073 0.579151 0.859073
8 0.754497 0.684117 0.796155 0.708078 0.777356 0.732871 0.735698 0.708911
