4 0.570463 0.289575 0.721042 0.289575 0.721042 0.324324 0.570463 0.324324
5 0.283784 0.285714 0.454633 0.285714 0.454633 0.320463 0.283784 0.320463
1 0.312742 0.283784 0.671815 0.283784 0.671815 0.389962 0.312742 0.389962
2 0.141892 0.277993 0.225869 0.308880 0.208494 0.345560 0.124517 0.314672
12 0.122798 0.324117 0.236459 0.362389 0.213110 0.399822 0.099448 0.361550
13 0.767375 0.368726 0.888996 0.337837 0.894787 0.380308 0.773166 0.411197
3 0.774330 0.302883 0.872645 0.283660 0.870457 0.320669 0.772143 0.339892
8 0.813706 0.714286 0.909267 0.714286 0.906371 0.749035 0.810811 0.749035
9 0.078185 0.710425 0.167954 0.710425 0.167954 0.754827 0.078185 0.754827
11 0.251931 0.722008 0.402510 0.722008 0.402510 0.754826 0.251931 0.754826
10 0.573359 0.722008 0.732625 0.722008 0.732625 0.760618 0.573359 0.760618
7 0.584776 0.108856 0.623983 0.125144 0.588004 0.190372 0.548797 0.174084
6 0.368608 0.119917 0.397709 0.102671 0.439307 0.187033 0.410206 0.204279
