9 0.067358 0.732297 0.072539 0.766839 0.176166 0.759931 0.178756 0.720207
8 0.823834 0.721934 0.823834 0.759931 0.937824 0.759931 0.937824 0.713299
10 0.613990 0.739206 0.613990 0.772021 0.725389 0.773748 0.725389 0.740933
11 0.259067 0.737478 0.253886 0.766839 0.386010 0.773748 0.386010 0.737478
3 0.124352 0.291883 0.207254 0.312608 0.189119 0.350604 0.111399 0.329879
13 0.101036 0.345423 0.088083 0.378238 0.173575 0.395509 0.189119 0.366149
2 0.790155 0.298791 0.808290 0.329879 0.878238 0.312608 0.862694 0.271157
12 0.808290 0.352332 0.823834 0.390328 0.904145 0.369603 0.888601 0.331606
4 0.585492 0.274611 0.588083 0.307427 0.704663 0.309154 0.707254 0.278066
5 0.266839 0.276339 0.272021 0.307427 0.393782 0.310881 0.388601 0.276339
