4 0.555028 0.278937 0.552182 0.303605 0.697343 0.303605 0.694497 0.273245
5 0.276091 0.275142 0.281784 0.297913 0.449715 0.297913 0.446869 0.277040
7 0.384250 0.129032 0.424099 0.201139 0.452562 0.170778 0.409867 0.115750
6 0.535104 0.178368 0.557875 0.201139 0.606262 0.134725 0.583491 0.117647
16 0.563567 0.351044 0.560721 0.388994 0.700190 0.387097 0.700190 0.349146
9 0.088235 0.698292 0.088235 0.740038 0.196395 0.738140 0.204934 0.690702
8 0.791271 0.696395 0.788425 0.738140 0.905123 0.740038 0.905123 0.692600
2 0.791271 0.305503 0.808349 0.333966 0.870968 0.313093 0.859583 0.277040
12 0.808349 0.356736 0.819734 0.390892 0.902277 0.373814 0.882353 0.337761
3 0.130930 0.282732 0.207780 0.318786 0.176471 0.351044 0.116698 0.316888
13 0.105313 0.335863 0.091082 0.371917 0.162239 0.398482 0.173624 0.368121
11 0.259013 0.722960 0.253321 0.755218 0.350095 0.757116 0.347249 0.724858
10 0.611954 0.726755 0.611954 0.757116 0.708729 0.759013 0.705882 0.724858
