4 0.570463 0.285714 0.721042 0.285714 0.721042 0.320463 0.570463 0.320463
5 0.280888 0.289575 0.451737 0.289575 0.451737 0.324324 0.280888 0.324324
1 0.321429 0.295367 0.680502 0.295367 0.680502 0.401545 0.321429 0.401545
2 0.138997 0.279923 0.225869 0.308880 0.208494 0.345560 0.121622 0.316602
12 0.122798 0.324117 0.236459 0.362389 0.213110 0.399822 0.099448 0.361550
13 0.767375 0.368726 0.891892 0.333976 0.897683 0.376447 0.773166 0.411197
3 0.774330 0.302883 0.872645 0.283660 0.870457 0.320669 0.772143 0.339892
8 0.819498 0.714286 0.915058 0.714286 0.915058 0.752896 0.819498 0.752896
9 0.086872 0.714286 0.182432 0.714286 0.182432 0.758688 0.086872 0.758688
11 0.251931 0.722008 0.402510 0.722008 0.402510 0.754826 0.251931 0.754826
10 0.573359 0.722008 0.732625 0.722008 0.732625 0.760618 0.573359 0.760618
7 0.536818 0.181907 0.583746 0.107816 0.618588 0.128903 0.571659 0.202995
7 0.404205 0.109777 0.437695 0.175591 0.400815 0.197173 0.367324 0.131359
