16 0.564672 0.349421 0.700772 0.349421 0.700772 0.388031 0.564672 0.388031
4 0.550193 0.266409 0.700772 0.266409 0.700772 0.301158 0.550193 0.301158
5 0.260618 0.262548 0.431467 0.262548 0.431467 0.297297 0.260618 0.297297
1 0.306950 0.239382 0.666023 0.239382 0.666023 0.345560 0.306950 0.345560
2 0.133205 0.276062 0.225869 0.308880 0.208494 0.345560 0.115830 0.312741
12 0.122798 0.324117 0.236459 0.362389 0.213110 0.399822 0.099448 0.361550
13 0.767375 0.368726 0.880309 0.339768 0.886100 0.382239 0.773166 0.411197
3 0.774330 0.302883 0.872645 0.283660 0.870457 0.320669 0.772143 0.339892
8 0.793436 0.698842 0.903475 0.698842 0.903475 0.737452 0.793436 0.737452
9 0.092664 0.693050 0.199807 0.693050 0.199807 0.737452 0.092664 0.737452
11 0.251931 0.722008 0.402510 0.722008 0.402510 0.754826 0.251931 0.754826
10 0.573359 0.722008 0.732625 0.722008 0.732625 0.760618 0.573359 0.760618
7 0.527012 0.181948 0.592081 0.114224 0.613915 0.138515 0.548845 0.206239
7 0.408462 0.112860 0.453648 0.175490 0.434202 0.197951 0.389016 0.135321
