4 0.590673 0.402417 0.593264 0.431779 0.694300 0.435234 0.699481 0.407599
5 0.334197 0.409327 0.329016 0.433507 0.448187 0.431780 0.453368 0.402418
2 0.735751 0.457686 0.738342 0.480138 0.792746 0.468048 0.792746 0.443869
12 0.727979 0.500864 0.725389 0.521589 0.795337 0.512953 0.795337 0.483593
3 0.195275 0.424112 0.253552 0.434328 0.251044 0.468761 0.191321 0.453454
13 0.184591 0.476054 0.184834 0.510639 0.242594 0.518911 0.250676 0.490941
9 0.217616 0.803109 0.220207 0.834197 0.303108 0.823835 0.295336 0.789292
14 0.639896 0.818653 0.637306 0.844560 0.738342 0.842832 0.735751 0.816926
15 0.318653 0.818653 0.318653 0.848014 0.424871 0.849741 0.422280 0.822107
6 0.586648 0.299084 0.596472 0.340504 0.610156 0.291591 0.600507 0.253622
7 0.396373 0.283247 0.422280 0.321243 0.458549 0.291882 0.437824 0.257340
1 0.375647 0.450777 0.373057 0.549223 0.637305 0.554404 0.634715 0.452504
