4 0.529923 0.430502 0.651544 0.430502 0.651544 0.463320 0.529923 0.463320
5 0.335907 0.428571 0.460425 0.428571 0.460425 0.467181 0.335907 0.467181
1 0.370656 0.407336 0.625483 0.407336 0.625483 0.488417 0.370656 0.488417
2 0.675470 0.443832 0.758273 0.396100 0.763720 0.424894 0.680916 0.472626
12 0.678997 0.498621 0.766316 0.444732 0.780462 0.476282 0.693143 0.530171
13 0.239925 0.462919 0.332795 0.494350 0.321851 0.529359 0.228981 0.497928
3 0.240347 0.416988 0.315637 0.444015 0.315637 0.480695 0.240347 0.453668
9 0.194044 0.768705 0.248487 0.781872 0.228736 0.818168 0.174293 0.805000
8 0.737002 0.653670 0.798806 0.663970 0.791956 0.699612 0.730151 0.689312
7 0.376448 0.299228 0.411197 0.281853 0.411197 0.316602 0.376448 0.333977
6 0.578851 0.281485 0.612569 0.293499 0.631573 0.342067 0.597856 0.330053
15 0.312849 0.673594 0.425782 0.695132 0.425568 0.727950 0.312635 0.706412
14 0.582046 0.687259 0.692085 0.673745 0.692085 0.708494 0.582046 0.722008
