16 0.555985 0.420849 0.668919 0.420849 0.668919 0.459459 0.555985 0.459459
4 0.529923 0.351351 0.674710 0.351351 0.674710 0.380309 0.529923 0.380309
5 0.275097 0.349421 0.431467 0.349421 0.431467 0.386100 0.275097 0.386100
1 0.327220 0.349421 0.616795 0.349421 0.616795 0.444015 0.327220 0.444015
9 0.176641 0.799228 0.246139 0.799228 0.246139 0.826255 0.176641 0.826255
8 0.724102 0.674769 0.790763 0.708835 0.773002 0.740289 0.706341 0.706223
13 0.147683 0.459459 0.251931 0.494208 0.251931 0.534749 0.147683 0.500000
3 0.156371 0.391892 0.260618 0.434363 0.260618 0.471042 0.156371 0.428571
2 0.706564 0.409266 0.807915 0.386100 0.807915 0.418919 0.706564 0.442085
12 0.705346 0.462089 0.809369 0.439506 0.812028 0.472274 0.708006 0.494856
15 0.275097 0.708494 0.405405 0.708494 0.405405 0.743243 0.275097 0.743243
14 0.573359 0.696911 0.689189 0.691120 0.692085 0.723938 0.576255 0.729730
7 0.374412 0.234223 0.427710 0.273029 0.398754 0.292804 0.345456 0.253998
6 0.561033 0.262082 0.522100 0.305619 0.519083 0.261084 0.558015 0.217547
