4 0.606218 0.388601 0.595855 0.426598 0.699482 0.435233 0.709845 0.393782
4 0.308290 0.398964 0.308290 0.426598 0.396373 0.430052 0.404145 0.393782
2 0.759067 0.443869 0.766839 0.471503 0.803109 0.461140 0.800518 0.424870
12 0.772021 0.512953 0.816062 0.495682 0.808290 0.459413 0.766839 0.469775
10 0.626943 0.785838 0.619171 0.813472 0.707254 0.815199 0.715026 0.778929
14 0.621762 0.848014 0.621762 0.877375 0.704663 0.877375 0.704663 0.848014
15 0.323834 0.842832 0.321244 0.868739 0.393782 0.870466 0.398964 0.842832
9 0.189119 0.827288 0.202073 0.851468 0.279793 0.854922 0.279793 0.820380
3 0.251295 0.430052 0.235751 0.464594 0.178756 0.464594 0.199482 0.423143
13 0.238342 0.509499 0.243523 0.468048 0.189119 0.461140 0.173575 0.493955
