4 0.566414 0.381404 0.560721 0.413662 0.660342 0.421252 0.671727 0.398482
5 0.287476 0.387097 0.293169 0.423150 0.415560 0.419355 0.409867 0.387097
9 0.150854 0.819734 0.148008 0.857685 0.244782 0.851992 0.244782 0.815939
8 0.757116 0.819734 0.759962 0.846300 0.842505 0.840607 0.839658 0.821632
2 0.734345 0.432638 0.745731 0.461101 0.799810 0.461101 0.777040 0.417457
12 0.757116 0.506641 0.811195 0.497154 0.794118 0.466793 0.745731 0.464896
3 0.219165 0.459203 0.227704 0.417457 0.190702 0.413662 0.176471 0.453510
13 0.219165 0.500949 0.222011 0.462998 0.167932 0.453510 0.165085 0.495256
10 0.589184 0.766603 0.592030 0.798861 0.674573 0.798861 0.683112 0.768501
11 0.381404 0.804554 0.307400 0.808349 0.304554 0.777989 0.381404 0.776091
