9 0.142408 0.839378 0.147586 0.873921 0.214906 0.863558 0.214906 0.830743
8 0.787127 0.808290 0.787127 0.842832 0.849269 0.856649 0.849269 0.813472
2 0.807841 0.450777 0.813020 0.493955 0.869983 0.474957 0.875161 0.428325
12 0.823377 0.544041 0.890697 0.531952 0.877750 0.493955 0.813020 0.507772
3 0.201960 0.481865 0.137229 0.464594 0.155354 0.423143 0.209728 0.440415
13 0.189014 0.518135 0.121694 0.504318 0.134640 0.471503 0.194193 0.490501
4 0.621416 0.390328 0.616238 0.424870 0.719807 0.428325 0.714629 0.400691
5 0.310708 0.395509 0.321065 0.424870 0.419456 0.424870 0.414277 0.395509
1 0.396153 0.442142 0.393564 0.535406 0.691326 0.549223 0.688736 0.438687
11 0.302940 0.778929 0.295173 0.811744 0.424634 0.808290 0.416867 0.777202
10 0.611059 0.770294 0.605881 0.801382 0.727575 0.806563 0.727575 0.772021
