4 0.529404 0.421325 0.640771 0.420859 0.640963 0.453192 0.529596 0.453658
5 0.315637 0.418918 0.443050 0.418918 0.443050 0.453667 0.315637 0.453667
16 0.524132 0.494208 0.627895 0.494208 0.632722 0.532819 0.528958 0.532819
2 0.731419 0.451733 0.843476 0.420216 0.852558 0.453673 0.740501 0.485190
12 0.735423 0.520952 0.858297 0.486662 0.877511 0.517658 0.754638 0.551948
3 0.222600 0.401382 0.299812 0.437346 0.288500 0.473136 0.211288 0.437171
13 0.211090 0.457410 0.296185 0.488053 0.282636 0.527146 0.197541 0.496503
6 0.507332 0.307880 0.560478 0.260102 0.576645 0.284783 0.523498 0.332561
7 0.412036 0.256706 0.451334 0.309028 0.423389 0.332097 0.384090 0.279775
10 0.313706 0.803089 0.455116 0.803089 0.455116 0.837837 0.313706 0.837837
11 0.537163 0.801158 0.679054 0.801158 0.681467 0.837838 0.539576 0.837838
1 0.337355 0.418919 0.626930 0.418919 0.626930 0.509653 0.337355 0.509653
8 0.205116 0.787645 0.267857 0.787645 0.263031 0.818533 0.200290 0.818533
9 0.738417 0.801158 0.805985 0.801158 0.801158 0.830116 0.733591 0.830116
