4 0.586338 0.324478 0.586338 0.358634 0.685958 0.356736 0.680266 0.322581
16 0.589184 0.407970 0.594877 0.445920 0.697343 0.442125 0.688805 0.404175
2 0.856736 0.299810 0.799810 0.351044 0.833966 0.373814 0.905123 0.324478
12 0.922201 0.337761 0.856736 0.387097 0.885199 0.413662 0.950664 0.366224
13 0.037002 0.381404 0.099620 0.413662 0.133776 0.388994 0.074004 0.347249
3 0.096774 0.330171 0.156546 0.368121 0.185009 0.345351 0.122391 0.299810
10 0.634725 0.757116 0.629032 0.795066 0.728653 0.796964 0.728653 0.759013
11 0.267552 0.757116 0.352941 0.757116 0.347249 0.795066 0.259013 0.796964
1 0.350095 0.288425 0.352941 0.423149 0.646110 0.421252 0.634725 0.282732
5 0.273245 0.322581 0.259013 0.358634 0.372865 0.358634 0.375712 0.318786
