4 0.572107 0.339658 0.572107 0.373814 0.671727 0.371916 0.666035 0.337761
16 0.563567 0.417458 0.569260 0.455408 0.671726 0.451613 0.663188 0.413663
2 0.802656 0.333966 0.745730 0.385200 0.779886 0.407970 0.851043 0.358634
12 0.853890 0.366224 0.788425 0.415560 0.816888 0.442125 0.882353 0.394687
13 0.096774 0.411765 0.159392 0.444023 0.193548 0.419355 0.133776 0.377610
3 0.142315 0.370019 0.202087 0.407969 0.233396 0.383302 0.170778 0.337761
10 0.594877 0.702088 0.589184 0.740038 0.688805 0.741936 0.688805 0.703985
11 0.304554 0.703985 0.389943 0.703985 0.384251 0.741935 0.296015 0.743833
1 0.338710 0.320683 0.341556 0.455407 0.634725 0.453510 0.623340 0.314990
5 0.318786 0.345351 0.304554 0.381404 0.418406 0.381404 0.421253 0.341556
