4 0.566414 0.345351 0.566414 0.379507 0.666034 0.377609 0.660342 0.343454
16 0.563567 0.411765 0.569260 0.449715 0.671726 0.445920 0.663188 0.407970
2 0.799810 0.333966 0.742884 0.385200 0.777040 0.407970 0.848197 0.358634
12 0.851044 0.364326 0.785579 0.413662 0.814042 0.440227 0.879507 0.392789
13 0.113852 0.407969 0.176470 0.440227 0.204933 0.415559 0.145161 0.373814
3 0.145161 0.371917 0.204933 0.409867 0.233396 0.387097 0.170778 0.341556
10 0.592031 0.709678 0.586338 0.747628 0.685959 0.749526 0.685959 0.711575
11 0.310246 0.711575 0.395635 0.711575 0.389943 0.749525 0.301707 0.751423
1 0.333017 0.347249 0.335863 0.481973 0.629032 0.480076 0.617647 0.341556
5 0.301708 0.349146 0.287476 0.385199 0.401328 0.385199 0.404175 0.345351
