4 0.606262 0.324478 0.606262 0.358634 0.705882 0.356736 0.700190 0.322581
16 0.592030 0.409868 0.600569 0.444023 0.703035 0.440228 0.691651 0.406073
2 0.876661 0.311195 0.819735 0.362429 0.853891 0.385199 0.925048 0.335863
12 0.933586 0.341556 0.868121 0.390892 0.896584 0.417457 0.962049 0.370019
13 0.017077 0.379505 0.079695 0.411763 0.108158 0.390890 0.048386 0.349145
3 0.065465 0.345351 0.125237 0.383301 0.153700 0.356736 0.091082 0.311195
10 0.634726 0.764707 0.629033 0.802657 0.728654 0.804555 0.728654 0.766604
11 0.270398 0.764705 0.355787 0.764705 0.350095 0.802655 0.261859 0.804553
1 0.358633 0.305503 0.361479 0.440227 0.654648 0.438330 0.643263 0.299810
5 0.290323 0.318785 0.276091 0.354838 0.389943 0.354838 0.392790 0.314990
