4 0.574952 0.341556 0.574952 0.375712 0.674572 0.373814 0.668880 0.339659
16 0.560721 0.402278 0.566414 0.451613 0.668880 0.447818 0.660342 0.398483
2 0.799810 0.333966 0.742884 0.385200 0.777040 0.407970 0.848197 0.358634
12 0.851044 0.364326 0.785579 0.413662 0.814042 0.440227 0.879507 0.392789
13 0.102467 0.411764 0.165085 0.444022 0.193548 0.423149 0.133776 0.381404
3 0.142315 0.375712 0.202087 0.413662 0.230550 0.387097 0.167932 0.341556
10 0.597724 0.707781 0.592031 0.745731 0.691652 0.747629 0.691652 0.709678
11 0.304554 0.711575 0.389943 0.711575 0.384251 0.749525 0.296015 0.751423
1 0.344402 0.332068 0.347248 0.466792 0.640417 0.464895 0.629032 0.326375
5 0.313093 0.341556 0.298861 0.377609 0.412713 0.377609 0.415560 0.337761
