16 0.634725 0.442125 0.631879 0.478178 0.703036 0.485769 0.711575 0.445920
4 0.640417 0.362429 0.637571 0.390892 0.708729 0.392789 0.708729 0.360531
5 0.347249 0.360531 0.350095 0.392789 0.429791 0.390892 0.426945 0.356736
12 0.868121 0.453510 0.802657 0.466793 0.808349 0.497154 0.873814 0.485769
2 0.859583 0.438330 0.842505 0.400380 0.782732 0.421252 0.788425 0.451613
13 0.130930 0.478178 0.204934 0.493359 0.216319 0.462998 0.150854 0.447818
3 0.156546 0.428843 0.227704 0.444023 0.247628 0.415560 0.176471 0.388994
1 0.389943 0.330171 0.395636 0.449715 0.657495 0.451613 0.640417 0.330171
10 0.623340 0.774194 0.623340 0.804554 0.708729 0.800759 0.703036 0.766604
11 0.318786 0.759013 0.296015 0.789374 0.375712 0.791271 0.372865 0.762808
